0 3
0 51
0 44
0 450
0 7
0 60
0 34
0 61
0 36
0 2
1 487
1 263
1 34
1 38
1 21
1 54
1 60
1 57
1 42
1 46
2 60
2 36
2 51
2 3
2 8
2 0
2 7
2 34
2 37
2 44
3 248
3 0
3 417
3 41
3 37
3 8
3 12
3 51
3 2
3 44
4 61
4 10
4 48
4 39
4 19
4 49
4 9
4 245
4 20
4 25
5 8
5 37
5 296
5 44
5 117
5 2
5 61
5 59
5 60
5 13
6 53
6 26
6 30
6 49
6 50
6 14
6 31
6 29
6 48
6 10
7 37
7 12
7 43
7 38
7 46
7 51
7 58
7 60
7 2
7 34
8 248
8 0
8 417
8 41
8 37
8 12
8 51
8 3
8 2
8 44
9 19
9 61
9 334
9 47
9 6
9 4
9 192
9 25
9 24
9 11
10 27
10 6
10 53
10 49
10 48
10 47
10 29
10 30
10 31
10 14
11 322
11 334
11 40
11 58
11 522
11 7
11 9
11 39
11 19
11 61
12 6
12 54
12 430
12 15
12 32
12 10
12 259
12 7
12 21
12 57
13 19
13 263
13 443
13 192
13 47
13 37
13 15
13 12
13 5
13 185
14 27
14 29
14 6
14 31
14 10
14 26
14 49
14 48
14 47
14 30
15 46
15 33
15 61
15 36
15 57
15 32
15 38
15 12
15 19
15 58
16 52
16 30
16 48
16 29
16 245
16 47
16 31
16 49
16 24
16 25
17 246
17 23
17 24
17 90
17 49
17 6
17 12
17 28
17 53
17 52
18 26
18 22
18 202
18 59
18 30
18 502
18 44
18 48
18 61
18 462
19 46
19 47
19 4
19 58
19 321
19 39
19 15
19 20
19 11
19 25
20 192
20 9
20 429
20 45
20 15
20 4
20 11
20 19
20 25
20 39
21 10
21 6
21 319
21 413
21 295
21 391
21 57
21 211
21 12
21 54
22 10
22 32
22 18
22 60
22 16
22 57
22 38
22 21
22 41
22 61
23 256
23 16
23 249
23 17
23 24
23 25
23 28
23 52
23 506
23 55
24 23
24 9
24 47
24 501
24 40
24 16
24 245
24 52
24 55
24 28
25 47
25 58
25 49
25 30
25 31
25 39
25 29
25 48
25 20
25 16
26 49
26 10
26 53
26 31
26 27
26 30
26 47
26 29
26 48
26 14
27 31
27 48
27 49
27 29
27 14
27 53
27 26
27 10
27 47
27 30
28 391
28 29
28 49
28 16
28 17
28 23
28 24
28 52
28 53
28 55
29 6
29 49
29 53
29 10
29 26
29 14
29 30
29 31
29 47
29 48
30 27
30 53
30 49
30 10
30 26
30 14
30 31
30 29
30 47
30 48
31 26
31 49
31 53
31 6
31 47
31 14
31 48
31 29
31 10
31 30
32 44
32 532
32 42
32 129
32 41
32 60
32 58
32 61
32 33
32 38
33 46
33 7
33 38
33 42
33 32
33 15
33 61
33 41
33 58
33 12
34 35
34 51
34 7
34 42
34 36
34 46
34 37
34 2
34 60
34 0
35 66
35 153
35 2
35 42
35 46
35 34
35 19
35 202
35 160
35 58
36 46
36 15
36 34
36 37
36 7
36 38
36 51
36 2
36 58
36 0
37 44
37 306
37 34
37 36
37 8
37 7
37 5
37 3
37 2
37 503
38 15
38 44
38 41
38 36
38 33
38 58
38 42
38 61
38 7
38 32
39 40
39 7
39 334
39 19
39 45
39 11
39 20
39 25
39 4
39 58
40 47
40 10
40 11
40 14
40 16
40 58
40 24
40 25
40 30
40 49
41 8
41 22
41 60
41 33
41 58
41 42
41 32
41 61
41 44
41 38
42 7
42 1
42 60
42 44
42 46
42 61
42 58
42 38
42 32
42 34
43 153
43 37
43 0
43 36
43 42
43 7
43 58
43 60
43 2
43 34
44 42
44 38
44 0
44 8
44 51
44 60
44 61
44 3
44 2
44 32
45 334
45 162
45 32
45 364
45 321
45 204
45 57
45 4
45 19
45 39
46 190
46 57
46 38
46 2
46 58
46 7
46 60
46 34
46 1
46 42
47 49
47 31
47 27
47 29
47 26
47 14
47 53
47 48
47 10
47 30
48 6
48 29
48 49
48 53
48 26
48 10
48 14
48 47
48 31
48 30
49 16
49 6
49 47
49 14
49 10
49 53
49 31
49 30
49 29
49 48
50 29
50 31
50 30
50 47
50 26
50 48
50 49
50 10
50 6
50 53
51 8
51 60
51 44
51 256
51 7
51 36
51 34
51 12
51 2
51 42
52 6
52 48
52 373
52 16
52 24
52 55
52 391
52 23
52 28
52 17
53 14
53 30
53 10
53 29
53 27
53 49
53 31
53 26
53 48
53 47
54 48
54 46
54 351
54 57
54 12
54 34
54 1
54 60
54 39
54 21
55 29
55 30
55 16
55 141
55 192
55 24
55 52
55 23
55 28
55 61
56 57
56 418
56 59
56 220
56 411
56 32
56 407
56 190
56 456
56 358
57 432
57 46
57 508
57 22
57 15
57 1
57 192
57 21
57 60
57 12
58 2
58 15
58 40
58 41
58 42
58 33
58 61
58 32
58 7
58 38
59 447
59 44
59 0
59 227
59 249
59 216
59 18
59 530
59 5
59 520
60 2
60 34
60 7
60 46
60 1
60 42
60 32
60 57
60 61
60 44
61 42
61 192
61 41
61 60
61 44
61 38
61 58
61 32
61 33
61 55
62 98
62 132
62 123
62 102
62 131
62 108
62 121
62 69
62 76
62 73
63 134
63 126
63 119
63 124
63 77
63 105
63 115
63 130
63 72
63 139
64 115
64 96
64 119
64 106
64 86
64 155
64 82
64 105
64 72
64 140
65 165
65 136
65 78
65 91
65 147
65 132
65 81
65 88
65 145
65 107
66 310
66 163
66 481
66 32
66 214
66 193
66 161
66 127
66 118
66 159
67 152
67 430
67 109
67 485
67 139
67 192
67 129
67 217
67 101
67 391
68 147
68 116
68 83
68 70
68 80
68 98
68 128
68 88
68 145
68 87
69 125
69 73
69 121
69 102
69 111
69 123
69 62
69 131
69 146
69 76
70 83
70 84
70 110
70 79
70 85
70 147
70 68
70 90
70 449
70 88
71 85
71 145
71 207
71 129
71 160
71 333
71 326
71 74
71 163
71 180
72 124
72 86
72 126
72 103
72 105
72 82
72 139
72 119
72 64
72 63
73 111
73 121
73 132
73 76
73 62
73 146
73 123
73 69
73 102
73 108
74 118
74 154
74 164
74 71
74 149
74 163
74 454
74 159
74 77
74 358
75 515
75 103
75 82
75 89
75 86
75 126
75 129
75 216
75 214
75 101
76 121
76 102
76 108
76 146
76 123
76 127
76 132
76 69
76 62
76 73
77 119
77 118
77 72
77 63
77 114
77 74
77 101
77 93
77 85
77 139
78 145
78 136
78 68
78 132
78 125
78 138
78 88
78 65
78 137
78 81
79 81
79 165
79 78
79 90
79 65
79 84
79 145
79 88
79 147
79 70
80 116
80 93
80 99
80 98
80 81
80 94
80 109
80 68
80 87
80 128
81 136
81 87
81 80
81 91
81 78
81 132
81 88
81 145
81 107
81 65
82 101
82 103
82 75
82 72
82 119
82 155
82 105
82 64
82 126
82 86
83 90
83 70
83 147
83 106
83 156
83 68
83 85
83 425
83 154
83 123
84 83
84 135
84 165
84 70
84 150
84 79
84 88
84 147
84 145
84 90
85 446
85 449
85 150
85 159
85 70
85 90
85 83
85 102
85 77
85 149
86 122
86 89
86 159
86 64
86 101
86 106
86 82
86 75
86 126
86 105
87 116
87 93
87 99
87 98
87 81
87 94
87 109
87 68
87 128
87 80
88 165
88 150
88 145
88 78
88 68
88 107
88 79
88 70
88 65
88 81
89 155
89 390
89 156
89 74
89 160
89 158
89 86
89 92
89 75
89 109
90 85
90 88
90 110
90 145
90 449
90 135
90 84
90 159
90 147
90 70
91 154
91 138
91 81
91 121
91 65
91 136
91 107
91 125
91 132
91 391
92 116
92 129
92 128
92 101
92 155
92 109
92 351
92 89
92 123
92 158
93 159
93 124
93 122
93 139
93 87
93 101
93 77
93 80
93 95
93 134
94 108
94 62
94 80
94 81
94 138
94 136
94 156
94 157
94 87
94 121
95 32
95 139
95 118
95 134
95 119
95 96
95 124
95 133
95 93
95 161
96 122
96 130
96 126
96 161
96 115
96 124
96 134
96 95
96 105
96 119
97 78
97 132
97 137
97 113
97 112
97 131
97 98
97 138
97 121
97 125
98 121
98 136
98 113
98 68
98 112
98 128
98 87
98 132
98 97
98 80
99 202
99 125
99 108
99 68
99 147
99 291
99 109
99 87
99 98
99 80
100 142
100 154
100 162
100 95
100 149
100 156
100 151
100 135
100 148
100 123
101 454
101 93
101 126
101 86
101 114
101 75
101 159
101 92
101 139
101 77
102 73
102 154
102 69
102 135
102 149
102 433
102 156
102 146
102 123
102 111
103 108
103 143
103 75
103 82
103 92
103 101
103 63
103 140
103 155
103 72
104 415
104 4
104 504
104 536
104 351
104 288
104 151
104 306
104 441
104 463
105 82
105 86
105 122
105 96
105 106
105 119
105 124
105 246
105 126
105 134
106 96
106 64
106 123
106 119
106 118
106 134
106 105
106 86
106 122
106 126
107 88
107 138
107 136
107 132
107 81
107 121
107 91
107 155
107 154
107 65
108 94
108 157
108 99
108 121
108 146
108 111
108 263
108 76
108 62
108 73
109 192
109 80
109 87
109 89
109 128
109 116
109 123
109 92
109 110
109 158
110 128
110 202
110 70
110 116
110 193
110 90
110 146
110 320
110 158
110 109
111 149
111 76
111 162
111 129
111 108
111 123
111 432
111 69
111 146
111 102
112 68
112 87
112 98
112 155
112 81
112 80
112 140
112 113
112 128
112 116
113 68
113 87
113 98
113 155
113 81
113 80
113 140
113 112
113 128
113 116
114 214
114 105
114 77
114 454
114 106
114 122
114 126
114 159
114 101
114 118
115 152
115 134
115 119
115 161
115 124
115 63
115 391
115 143
115 130
115 96
116 98
116 81
116 110
116 68
116 128
116 109
116 140
116 155
116 113
116 112
117 100
117 351
117 108
117 129
117 118
117 57
117 111
117 5
117 148
117 160
118 134
118 32
118 95
118 122
118 119
118 66
118 106
118 114
118 159
118 126
119 143
119 72
119 95
119 161
119 115
119 124
119 126
119 134
119 96
119 105
120 164
120 127
120 151
120 154
120 156
120 150
120 149
120 159
120 163
120 135
121 69
121 62
121 136
121 145
121 131
121 91
121 138
121 107
121 125
121 132
122 86
122 93
122 96
122 126
122 106
122 134
122 118
122 119
122 129
122 105
123 156
123 146
123 109
123 69
123 102
123 100
123 76
123 111
123 92
123 135
124 95
124 93
124 115
124 130
124 96
124 133
124 134
124 119
124 126
124 105
125 97
125 136
125 91
125 147
125 78
125 132
125 137
125 145
125 138
125 121
126 101
126 114
126 106
126 82
126 119
126 118
126 105
126 124
126 134
126 86
127 192
127 95
127 120
127 432
127 76
127 204
127 392
127 152
127 391
127 66
128 158
128 92
128 80
128 87
128 112
128 109
128 68
128 98
128 116
128 113
129 366
129 122
129 123
129 75
129 391
129 160
129 32
129 513
129 92
129 102
130 143
130 391
130 373
130 115
130 119
130 96
130 105
130 124
130 63
130 134
131 132
131 98
131 69
131 76
131 191
131 149
131 121
131 62
131 16
131 137
132 98
132 137
132 65
132 81
132 136
132 138
132 125
132 121
132 91
132 107
133 130
133 126
133 134
133 105
133 95
133 124
133 152
133 119
133 106
133 114
134 95
134 122
134 115
134 119
134 130
134 105
134 124
134 96
134 106
134 126
135 149
135 102
135 159
135 154
135 90
135 151
135 162
135 100
135 123
135 156
136 98
136 125
136 81
136 91
136 65
136 121
136 137
136 138
136 107
136 132
137 131
137 126
137 107
137 165
137 132
137 125
137 138
137 145
137 78
137 136
138 97
138 94
138 91
138 125
138 137
138 78
138 121
138 107
138 132
138 136
139 114
139 119
139 371
139 95
139 93
139 63
139 161
139 72
139 77
139 101
140 126
140 92
140 82
140 128
140 103
140 113
140 64
140 112
140 116
140 155
141 331
141 277
141 31
141 179
141 222
141 27
141 48
141 505
141 55
141 10
142 139
142 119
142 101
142 193
142 77
142 151
142 100
142 148
142 120
142 143
143 126
143 72
143 77
143 124
143 142
143 115
143 96
143 130
143 119
143 161
144 101
144 154
144 74
144 149
144 153
144 159
144 163
144 441
144 114
144 202
145 165
145 150
145 125
145 121
145 81
145 79
145 84
145 68
145 65
145 147
146 154
146 73
146 433
146 76
146 111
146 156
146 123
146 102
146 110
146 69
147 123
147 132
147 150
147 125
147 65
147 79
147 70
147 84
147 145
147 90
148 333
148 149
148 142
148 156
148 162
148 117
148 151
148 135
148 160
148 100
149 135
149 102
149 151
149 162
149 159
149 202
149 120
149 163
149 150
149 154
150 154
150 90
150 120
150 88
150 145
150 147
150 32
150 156
150 164
150 149
151 150
151 148
151 159
151 154
151 142
151 102
151 135
151 156
151 149
151 100
152 385
152 101
152 115
152 338
152 96
152 133
152 124
152 126
152 127
152 119
153 291
153 95
153 150
153 120
153 154
153 159
153 214
153 149
153 144
153 202
154 159
154 146
154 163
154 107
154 156
154 151
154 149
154 83
154 135
154 102
155 439
155 113
155 112
155 92
155 103
155 82
155 116
155 140
155 107
155 64
156 149
156 150
156 146
156 154
156 159
156 123
156 100
156 151
156 102
156 135
157 121
157 146
157 78
157 102
157 88
157 62
157 156
157 94
157 108
157 135
158 432
158 128
158 123
158 89
158 214
158 110
158 109
158 92
158 200
158 116
159 86
159 66
159 156
159 149
159 163
159 118
159 90
159 135
159 120
159 101
160 71
160 482
160 83
160 234
160 35
160 117
160 280
160 148
160 377
160 129
161 122
161 101
161 66
161 139
161 124
161 119
161 96
161 95
161 115
161 143
162 146
162 102
162 100
162 148
162 156
162 135
162 154
162 111
162 123
162 149
163 351
163 154
163 159
163 149
163 120
163 123
163 481
163 334
163 164
163 71
164 154
164 438
164 456
164 194
164 417
164 150
164 149
164 334
164 249
164 163
165 260
165 248
165 385
165 107
165 79
165 65
165 88
165 84
165 137
165 145
166 169
166 337
166 208
166 233
166 180
166 168
166 244
166 263
166 273
166 196
167 287
167 263
167 233
167 311
167 317
167 251
167 240
167 333
167 341
167 318
168 336
168 268
168 184
168 186
168 343
168 447
168 208
168 166
168 242
168 213
169 184
169 233
169 166
169 168
169 273
169 262
169 213
169 355
169 349
169 198
170 218
170 505
170 232
170 221
170 200
170 334
170 227
170 272
170 275
170 351
171 354
171 170
171 267
171 225
171 232
171 227
171 302
171 221
171 347
171 345
172 263
172 261
172 293
172 301
172 349
172 346
172 211
172 288
172 197
172 203
173 355
173 239
173 204
173 260
173 256
173 175
173 176
173 234
173 261
173 350
174 469
174 293
174 258
174 325
174 260
174 223
174 175
174 356
174 176
174 355
175 191
175 283
175 256
175 176
175 287
175 205
175 299
175 235
175 241
175 197
176 173
176 356
176 273
176 293
176 355
176 175
176 206
176 262
176 256
176 260
177 225
177 267
177 187
177 214
177 302
177 251
177 232
177 220
177 221
177 345
178 462
178 227
178 170
178 183
178 343
178 284
178 275
178 297
178 296
178 181
179 411
179 359
179 348
179 141
179 164
179 484
179 435
179 308
179 505
179 220
180 71
180 421
180 423
180 365
180 375
180 407
180 420
180 166
180 386
180 191
181 284
181 297
181 170
181 202
181 183
181 227
181 178
181 266
181 296
181 275
182 285
182 190
182 415
182 333
182 254
182 207
182 250
182 180
182 261
182 306
183 284
183 266
183 297
183 227
183 296
183 181
183 178
183 249
183 400
183 275
184 322
184 272
184 358
184 168
184 229
184 233
184 207
184 239
184 247
184 191
185 263
185 166
185 289
185 259
185 250
185 12
185 342
185 302
185 391
185 337
186 246
186 159
186 184
186 168
186 237
186 90
186 284
186 282
186 336
186 188
187 307
187 341
187 342
187 357
187 217
187 339
187 303
187 302
187 177
187 242
188 231
188 334
188 216
188 282
188 245
188 57
188 268
188 227
188 186
188 170
189 516
189 170
189 227
189 220
189 129
189 215
189 532
189 177
189 334
189 210
190 56
190 411
190 418
190 182
190 345
190 105
190 261
190 46
190 542
190 442
191 392
191 239
191 184
191 197
191 192
191 247
191 316
191 180
191 268
191 264
192 320
192 109
192 60
192 55
192 61
192 57
192 313
192 246
192 191
192 530
193 277
193 494
193 53
193 216
193 49
193 110
193 199
193 66
193 246
193 206
194 463
194 272
194 238
194 200
194 406
194 305
194 389
194 195
194 414
194 417
195 334
195 417
195 37
195 164
195 327
195 389
195 306
195 194
195 305
195 258
196 202
196 387
196 377
196 333
196 169
196 317
196 292
196 217
196 244
196 166
197 172
197 205
197 211
197 203
197 293
197 287
197 175
197 191
197 301
197 235
198 347
198 256
198 225
198 169
198 354
198 349
198 348
198 300
198 278
198 263
199 251
199 214
199 225
199 193
199 221
199 232
199 302
199 345
199 267
199 334
200 221
200 296
200 216
200 351
200 210
200 170
200 218
200 266
200 227
200 334
201 285
201 21
201 240
201 332
201 413
201 277
201 211
201 319
201 343
201 308
202 226
202 153
202 513
202 242
202 149
202 279
202 181
202 381
202 291
202 277
203 288
203 226
203 212
203 172
203 235
203 204
203 301
203 197
203 349
203 211
204 173
204 4
204 422
204 199
204 203
204 334
204 216
204 32
204 127
204 391
205 299
205 241
205 287
205 235
205 224
205 206
205 197
205 175
205 283
205 237
206 296
206 205
206 224
206 193
206 362
206 237
206 291
206 176
206 260
206 283
207 312
207 212
207 351
207 303
207 182
207 291
207 288
207 424
207 184
207 258
208 233
208 169
208 351
208 273
208 272
208 358
208 166
208 213
208 231
208 168
209 279
209 217
209 240
209 343
209 332
209 242
209 248
209 253
209 308
209 277
210 297
210 351
210 353
210 536
210 266
210 275
210 189
210 200
210 296
210 218
211 275
211 21
211 349
211 235
211 319
211 413
211 201
211 197
211 301
211 203
212 359
212 261
212 265
212 248
212 323
212 288
212 330
212 347
212 356
212 217
213 358
213 169
213 487
213 316
213 231
213 168
213 166
213 233
213 208
213 273
214 177
214 385
214 312
214 262
214 225
214 221
214 232
214 345
214 302
214 267
215 272
215 248
215 170
215 189
215 216
215 220
215 232
215 334
215 359
215 271
216 203
216 248
216 297
216 193
216 170
216 200
216 334
216 310
216 290
216 75
217 307
217 330
217 323
217 355
217 302
217 347
217 292
217 242
217 357
217 212
218 221
218 225
218 327
218 170
218 227
218 293
218 210
218 266
218 296
218 200
219 179
219 284
219 267
219 251
219 229
219 294
219 187
219 346
219 357
219 269
220 336
220 300
220 177
220 334
220 343
220 345
220 232
220 272
220 230
220 179
221 200
221 171
221 170
221 227
221 225
221 345
221 232
221 214
221 302
221 267
222 51
222 409
222 347
222 217
222 285
222 280
222 286
222 257
222 295
222 337
223 411
223 351
223 145
223 267
223 345
223 232
223 266
223 250
223 276
223 302
224 253
224 283
224 534
224 390
224 206
224 274
224 205
224 262
224 455
224 237
225 171
225 343
225 258
225 302
225 232
225 214
225 267
225 347
225 345
225 221
226 229
226 198
226 281
226 422
226 337
226 202
226 203
226 276
226 349
226 346
227 271
227 334
227 296
227 178
227 181
227 170
227 200
227 221
227 275
227 171
228 500
228 247
228 170
228 334
228 239
228 326
228 184
228 237
228 233
228 255
229 491
229 496
229 233
229 264
229 219
229 283
229 294
229 269
229 184
229 346
230 328
230 227
230 272
230 282
230 334
230 225
230 231
230 220
230 343
230 232
231 525
231 232
231 251
231 170
231 213
231 208
231 334
231 230
231 272
231 248
232 225
232 230
232 343
232 334
232 214
232 221
232 302
232 267
232 345
232 220
233 58
233 234
233 240
233 166
233 247
233 184
233 239
233 228
233 317
233 358
234 315
234 160
234 225
234 261
234 347
234 173
234 197
234 212
234 260
234 233
235 293
235 205
235 191
235 428
235 203
235 211
235 175
235 287
235 197
235 301
236 310
236 12
236 336
236 259
236 251
236 288
236 267
236 358
236 285
236 192
237 228
237 301
237 186
237 205
237 224
237 284
237 283
237 254
237 206
237 267
238 449
238 520
238 260
238 164
238 202
238 126
238 435
238 194
238 272
238 504
239 173
239 274
239 355
239 346
239 326
239 302
239 184
239 233
239 247
239 191
240 225
240 209
240 201
240 233
240 332
240 318
240 167
240 308
240 277
240 279
241 168
241 283
241 246
241 224
241 333
241 255
241 299
241 346
241 428
241 175
242 217
242 323
242 202
242 248
242 168
242 339
242 253
242 303
242 245
242 274
243 354
243 279
243 312
243 314
243 267
243 256
243 227
243 221
243 206
243 191
244 391
244 292
244 217
244 339
244 166
244 357
244 242
244 196
244 253
244 251
245 24
245 47
245 253
245 16
245 265
245 270
245 339
245 274
245 242
245 303
246 425
246 241
246 284
246 105
246 454
246 251
246 202
246 192
246 96
246 193
247 200
247 316
247 355
247 346
247 326
247 264
247 233
247 239
247 184
247 191
248 231
248 334
248 332
248 253
248 212
248 251
248 308
248 309
248 209
248 242
249 23
249 183
249 210
249 264
249 164
249 59
249 333
249 351
249 400
249 308
250 294
250 444
250 185
250 223
250 263
250 445
250 415
250 254
250 391
250 182
251 267
251 303
251 317
251 177
251 318
251 341
251 345
251 302
251 167
251 347
252 216
252 453
252 182
252 298
252 329
252 290
252 328
252 266
252 276
252 338
253 332
253 265
253 270
253 339
253 274
253 248
253 303
253 245
253 242
253 209
254 295
254 426
254 182
254 418
254 428
254 283
254 250
254 301
254 197
254 237
255 223
255 269
255 168
255 234
255 192
255 267
255 346
255 237
255 228
255 241
256 322
256 417
256 263
256 217
256 175
256 198
256 262
256 176
256 288
256 51
257 353
257 343
257 222
257 308
257 297
257 337
257 285
257 512
257 511
257 286
258 347
258 203
258 288
258 212
258 225
258 207
258 195
258 194
258 261
258 305
259 323
259 220
259 292
259 251
259 12
259 302
259 347
259 185
259 334
259 345
260 293
260 126
260 454
260 356
260 504
260 291
260 261
260 176
260 234
260 206
261 182
261 260
261 212
261 203
261 288
261 351
261 197
261 173
261 190
261 234
262 491
262 496
262 276
262 214
262 256
262 358
262 169
262 176
262 542
262 224
263 1
263 391
263 303
263 256
263 198
263 418
263 166
263 349
263 250
263 300
264 284
264 346
264 276
264 229
264 269
264 294
264 191
264 249
264 268
264 247
265 356
265 253
265 270
265 323
265 242
265 212
265 303
265 245
265 339
265 274
266 326
266 284
266 351
266 218
266 223
266 227
266 275
266 296
266 210
266 200
267 311
267 251
267 347
267 199
267 225
267 302
267 214
267 345
267 221
267 232
268 223
268 333
268 269
268 294
268 242
268 191
268 168
268 276
268 264
268 339
269 341
269 239
269 255
269 268
269 346
269 264
269 294
269 303
269 229
269 219
270 323
270 314
270 304
270 303
270 339
270 274
270 245
270 265
270 242
270 253
271 291
271 351
271 214
271 297
271 170
271 272
271 334
271 275
271 227
271 288
272 194
272 271
272 170
272 334
272 343
272 238
272 220
272 347
272 232
272 200
273 233
273 176
273 208
273 355
273 129
273 213
273 373
273 169
273 168
273 166
274 281
274 323
274 270
274 224
274 253
274 242
274 339
274 245
274 265
274 303
275 200
275 297
275 284
275 266
275 170
275 296
275 181
275 227
275 178
275 183
276 341
276 262
276 224
276 223
276 226
276 349
276 268
276 453
276 452
276 281
277 211
277 209
277 279
277 332
277 296
277 240
277 248
277 202
277 308
277 201
278 251
278 292
278 198
278 348
278 280
278 323
278 347
278 265
278 300
278 354
279 243
279 285
279 291
279 248
279 277
279 209
279 312
279 240
279 202
279 288
280 251
280 314
280 222
280 160
280 278
280 292
280 295
280 304
280 347
280 337
281 507
281 457
281 226
281 212
281 276
281 274
281 261
281 349
281 265
281 303
282 284
282 345
282 230
282 491
282 181
282 496
282 462
282 490
282 186
282 343
283 314
283 175
283 254
283 237
283 224
283 299
283 205
283 206
283 229
283 245
284 170
284 237
284 275
284 336
284 227
284 242
284 266
284 186
284 287
284 296
285 343
285 337
285 512
285 511
285 484
285 353
285 222
285 286
285 201
285 257
286 223
286 392
286 347
286 280
286 267
286 337
286 257
286 222
286 285
286 295
287 205
287 293
287 32
287 191
287 301
287 211
287 235
287 175
287 284
287 197
288 365
288 359
288 292
288 256
288 351
288 336
288 261
288 212
288 172
288 271
289 487
289 324
289 351
289 341
289 238
289 326
289 387
289 247
289 346
289 185
290 44
290 242
290 297
290 301
290 216
290 332
290 248
290 209
290 310
290 253
291 352
291 339
291 381
291 99
291 260
291 206
291 207
291 312
291 214
291 202
292 280
292 242
292 212
292 259
292 12
292 217
292 300
292 302
292 288
292 346
293 260
293 367
293 275
293 350
293 218
293 197
293 303
293 301
293 296
293 176
294 291
294 276
294 333
294 219
294 250
294 268
294 229
294 264
294 269
294 346
295 334
295 331
295 325
295 21
295 222
295 286
295 337
295 280
295 347
295 335
296 301
296 218
296 183
296 227
296 350
296 275
296 266
296 284
296 297
296 353
297 332
297 253
297 350
297 210
297 170
297 200
297 275
297 227
297 296
297 353
298 232
298 277
298 180
298 310
298 220
298 329
298 201
298 214
298 345
298 308
299 332
299 255
299 333
299 205
299 246
299 416
299 334
299 283
299 175
299 241
300 171
300 347
300 346
300 220
300 292
300 263
300 198
300 348
300 278
300 354
301 293
301 227
301 349
301 172
301 296
301 235
301 211
301 197
301 303
301 203
302 242
302 251
302 225
302 303
302 232
302 221
302 347
302 267
302 214
302 345
303 251
303 301
303 253
303 265
303 302
303 245
303 274
303 270
303 339
303 242
304 288
304 184
304 270
304 280
304 212
304 363
304 468
304 314
304 322
304 315
305 238
305 306
305 400
305 200
305 495
305 190
305 327
305 194
305 258
305 195
306 200
306 182
306 195
306 37
306 405
306 463
306 503
306 305
306 194
306 104
307 242
307 187
307 326
307 323
307 333
307 330
307 320
307 347
307 217
307 295
308 209
308 201
308 319
308 309
308 310
308 298
308 240
308 248
308 179
308 332
309 528
309 460
309 297
309 334
309 248
309 392
309 232
309 308
309 310
309 456
310 345
310 290
310 309
310 366
310 298
310 216
310 66
310 248
310 343
310 308
311 167
311 318
311 214
311 200
311 267
311 221
311 251
311 302
311 227
311 345
312 308
312 313
312 267
312 342
312 248
312 279
312 221
312 291
312 322
312 214
313 202
313 435
313 333
313 342
313 25
313 57
313 424
313 192
313 312
313 109
314 315
314 339
314 280
314 212
314 303
314 270
314 363
314 322
314 468
314 304
315 351
315 260
315 212
315 314
315 322
315 288
315 283
315 234
315 261
315 304
316 232
316 233
316 170
316 247
316 216
316 191
316 184
316 168
316 345
316 200
317 272
317 166
317 347
317 318
317 345
317 167
317 227
317 251
317 233
317 334
318 287
318 263
318 233
318 311
318 317
318 251
318 240
318 333
318 341
318 167
319 333
319 182
319 193
319 240
319 342
319 308
319 211
319 21
319 201
319 413
320 302
320 333
320 339
320 242
320 110
320 343
320 345
320 307
320 487
320 192
321 153
321 270
321 192
321 339
321 309
321 45
321 156
321 333
321 19
321 424
322 256
322 355
322 184
322 11
322 267
322 304
322 312
322 314
322 315
322 331
323 251
323 347
323 356
323 302
323 274
323 217
323 303
323 212
323 265
323 242
324 471
324 284
324 170
324 336
324 326
324 289
324 214
324 330
324 505
324 460
325 261
325 308
325 176
325 347
325 417
325 334
325 288
325 260
325 295
325 331
326 228
326 233
326 302
326 266
326 347
326 247
326 251
326 191
326 345
326 200
327 272
327 293
327 335
327 347
327 168
327 195
327 212
327 305
327 225
327 218
328 460
328 295
328 334
328 230
328 220
328 168
328 232
328 343
328 284
328 216
329 168
329 314
329 304
329 351
329 338
329 298
329 291
329 288
329 202
329 252
330 323
330 297
330 303
330 307
330 217
330 212
330 272
330 355
330 356
330 334
331 532
331 184
331 66
331 288
331 325
331 338
331 210
331 200
331 295
331 322
332 413
332 296
332 297
332 277
332 201
332 209
332 240
332 308
332 248
332 253
333 249
333 342
333 343
333 424
333 318
333 341
333 182
333 251
333 340
333 167
334 231
334 216
334 200
334 220
334 232
334 170
334 328
334 272
334 227
334 199
335 541
335 327
335 522
335 21
335 532
335 58
335 210
335 295
335 2
335 6
336 186
336 184
336 232
336 220
336 491
336 168
336 496
336 284
336 343
336 288
337 226
337 285
337 280
337 166
337 347
337 257
337 222
337 185
337 295
337 286
338 252
338 192
338 152
338 331
338 377
338 75
338 175
338 288
338 362
338 329
339 251
339 187
339 323
339 253
339 245
339 270
339 265
339 274
339 242
339 303
340 308
340 341
340 190
340 330
340 424
340 214
340 297
340 235
340 333
340 182
341 267
341 303
341 245
341 318
341 342
341 345
341 251
341 167
341 302
341 333
342 227
342 424
342 334
342 312
342 185
342 242
342 319
342 187
342 333
342 341
343 168
343 201
343 462
343 336
343 334
343 225
343 272
343 230
343 220
343 232
344 224
344 251
344 302
344 253
344 290
344 339
344 242
344 303
344 333
344 245
345 223
345 311
345 225
345 214
345 347
345 251
345 221
345 267
345 232
345 302
346 289
346 300
346 172
346 255
346 241
346 292
346 269
346 302
346 229
346 294
347 217
347 348
347 295
347 212
347 171
347 251
347 280
347 302
347 225
347 345
348 263
348 347
348 354
348 300
348 171
348 179
348 198
348 278
348 220
348 225
349 197
349 169
349 263
349 226
349 276
349 203
349 198
349 211
349 172
349 301
350 234
350 176
350 297
350 173
350 171
350 275
350 227
350 293
350 353
350 296
351 524
351 92
351 210
351 536
351 525
351 266
351 170
351 200
351 385
351 288
352 190
352 251
352 333
352 424
352 326
352 301
352 384
352 291
352 224
352 297
353 308
353 218
353 266
353 201
353 285
353 200
353 210
353 350
353 297
353 296
354 225
354 391
354 347
354 292
354 198
354 300
354 278
354 348
354 220
354 171
355 212
355 169
355 247
355 262
355 239
355 322
355 217
355 520
355 176
355 330
356 302
356 303
356 217
356 176
356 260
356 265
356 272
356 323
356 330
356 212
357 278
357 217
357 242
357 244
357 187
357 265
357 267
357 292
357 302
357 303
358 56
358 74
358 233
358 317
358 184
358 166
358 267
358 262
358 208
358 391
359 364
359 370
359 212
359 215
359 373
359 288
359 466
359 467
359 471
359 476
360 408
360 442
360 404
360 457
360 473
360 456
360 400
360 416
360 421
360 371
361 415
361 406
361 451
361 393
361 474
361 398
361 410
361 374
361 387
361 386
362 338
362 416
362 368
362 471
362 468
362 396
362 363
362 466
362 467
362 437
363 471
363 467
363 466
363 416
363 409
363 392
363 314
363 362
363 468
363 396
364 372
364 526
364 389
364 366
364 467
364 466
364 456
364 440
364 417
364 438
365 458
365 180
365 288
365 465
365 423
365 386
365 420
365 413
365 375
365 384
366 333
366 129
366 526
366 515
366 505
366 364
366 500
366 498
366 417
366 465
367 399
367 441
367 442
367 368
367 464
367 293
367 421
367 303
367 370
367 416
368 367
368 382
368 438
368 416
368 451
368 362
368 421
368 447
368 437
368 455
369 463
369 418
369 422
369 424
369 390
369 426
369 388
369 472
369 435
369 473
370 400
370 359
370 396
370 464
370 404
370 414
370 392
370 416
370 367
370 442
371 370
371 139
371 421
371 404
371 392
371 360
371 473
371 416
371 383
371 400
372 470
372 401
372 380
372 382
372 478
372 466
372 364
372 438
372 469
372 467
373 458
373 386
373 478
373 52
373 464
373 380
373 376
373 359
373 375
373 391
374 403
374 442
374 418
374 392
374 361
374 383
374 386
374 410
374 474
374 398
375 378
375 458
375 440
375 423
375 384
375 413
375 365
375 416
375 420
375 386
376 456
376 394
376 362
376 464
376 373
376 449
376 446
376 403
376 411
376 370
377 469
377 207
377 536
377 338
377 401
377 482
377 470
377 288
377 160
377 505
378 391
378 475
378 375
378 420
378 399
378 459
378 386
378 384
378 413
378 407
379 382
379 369
379 372
379 472
379 388
379 440
379 391
379 439
379 480
379 479
380 367
380 386
380 382
380 378
380 469
380 372
380 373
380 399
380 464
380 478
381 309
381 19
381 389
381 411
381 430
381 370
381 291
381 456
381 202
381 417
382 368
382 380
382 379
382 478
382 364
382 466
382 467
382 372
382 469
382 438
383 434
383 374
383 416
383 175
383 392
383 371
383 461
383 400
383 396
383 423
384 421
384 458
384 475
384 365
384 386
384 413
384 420
384 378
384 375
384 423
385 364
385 210
385 369
385 415
385 428
385 388
385 194
385 424
385 214
385 351
386 407
386 423
386 375
386 420
386 413
386 365
386 474
386 361
386 378
386 384
387 168
387 202
387 411
387 343
387 430
387 444
387 333
387 445
387 471
387 361
388 401
388 470
388 155
388 469
388 379
388 369
388 385
388 418
388 472
388 415
389 396
389 402
389 467
389 400
389 194
389 414
389 471
389 417
389 392
389 456
390 442
390 197
390 303
390 454
390 472
390 369
390 453
390 452
390 224
390 418
391 185
391 129
391 21
391 379
391 52
391 480
391 127
391 479
391 204
391 373
392 383
392 471
392 400
392 396
392 432
392 389
392 412
392 370
392 363
392 468
393 415
393 386
393 406
393 392
393 361
393 417
393 194
393 456
393 365
393 384
394 68
394 397
394 395
394 405
394 481
394 411
394 446
394 444
394 445
394 449
395 445
395 435
395 481
395 411
395 102
395 446
395 405
395 397
395 394
395 449
396 463
396 471
396 389
396 434
396 409
396 362
396 392
396 467
396 363
396 468
397 481
397 461
397 449
397 444
397 445
397 394
397 395
397 446
397 411
397 405
398 413
398 407
398 365
398 386
398 389
398 375
398 361
398 374
398 474
398 410
399 367
399 386
399 442
399 380
399 407
399 420
399 478
399 378
399 459
399 224
400 183
400 249
400 392
400 371
400 360
400 383
400 416
400 404
400 421
400 473
401 385
401 377
401 372
401 378
401 417
401 415
401 472
401 470
401 405
401 469
402 427
402 392
402 406
402 389
402 417
402 400
402 471
402 202
402 448
402 467
403 261
403 386
403 391
403 383
403 446
403 449
403 376
403 458
403 373
403 405
404 432
404 442
404 389
404 371
404 392
404 416
404 421
404 360
404 370
404 400
405 306
405 449
405 481
405 411
405 397
405 395
405 470
405 394
405 446
405 401
406 413
406 456
406 351
406 164
406 402
406 361
406 386
406 417
406 393
406 194
407 32
407 365
407 180
407 456
407 386
407 399
407 421
407 378
407 459
407 420
408 411
408 457
408 412
408 416
408 456
408 360
408 447
408 434
408 421
408 442
409 447
409 362
409 441
409 392
409 432
409 222
409 396
409 308
409 363
409 468
410 413
410 407
410 365
410 386
410 389
410 375
410 361
410 398
410 374
410 474
411 444
411 434
411 446
411 450
411 449
411 405
411 477
411 481
411 394
411 456
412 408
412 396
412 450
412 417
412 392
412 443
412 434
412 456
412 477
412 430
413 423
413 319
413 386
413 201
413 211
413 21
413 365
413 378
413 384
413 375
414 359
414 427
414 385
414 200
414 351
414 471
414 392
414 370
414 194
414 389
415 407
415 391
415 202
415 265
415 182
415 385
415 250
415 470
415 388
415 401
416 404
416 400
416 383
416 421
416 447
416 360
416 451
416 437
416 455
416 371
417 402
417 525
417 194
417 364
417 465
417 505
417 389
417 526
417 366
417 427
418 374
418 388
418 369
418 442
418 390
418 460
418 263
418 190
418 472
418 366
419 170
419 413
419 281
419 465
419 417
419 482
419 384
419 440
419 427
419 389
420 421
420 180
420 407
420 375
420 378
420 384
420 423
420 365
420 386
420 399
421 360
421 455
421 447
421 442
421 437
421 416
421 408
421 404
421 400
421 451
422 429
422 297
422 481
422 416
422 421
422 424
422 369
422 473
422 457
422 455
423 475
423 180
423 386
423 384
423 383
423 365
423 378
423 375
423 413
423 420
424 392
424 461
424 428
424 426
424 473
424 422
424 432
424 313
424 369
424 435
425 276
425 291
425 399
425 424
425 242
425 430
425 83
425 384
425 475
425 246
426 435
426 186
426 369
426 424
426 463
426 453
426 428
426 312
426 473
426 254
427 471
427 368
427 449
427 431
427 414
427 446
427 432
427 417
427 389
427 419
428 422
428 254
428 385
428 263
428 369
428 241
428 235
428 482
428 424
428 426
429 54
429 422
429 473
429 433
429 226
429 19
429 413
429 214
429 424
429 102
430 424
430 441
430 462
430 456
430 461
430 412
430 432
430 434
430 12
430 449
431 411
431 470
431 401
431 522
431 392
431 432
431 463
431 427
431 417
431 389
432 427
432 396
432 111
432 57
432 369
432 434
432 430
432 424
432 461
432 392
433 424
433 111
433 435
433 394
433 446
433 102
433 146
433 463
433 449
433 123
434 411
434 408
434 477
434 392
434 412
434 430
434 446
434 436
434 456
434 450
435 455
435 433
435 481
435 424
435 463
435 238
435 461
435 369
435 179
435 432
436 179
436 424
436 477
436 444
436 430
436 434
436 446
436 445
436 463
436 449
437 468
437 448
437 362
437 368
437 461
437 455
437 451
437 447
437 416
437 421
438 480
438 194
438 164
438 479
438 417
438 466
438 372
438 467
438 382
438 364
439 382
439 407
439 399
439 364
439 155
439 379
439 480
439 440
439 391
439 479
440 391
440 443
440 419
440 384
440 379
440 480
440 479
440 375
440 439
440 364
441 411
441 396
441 463
441 389
441 430
441 392
441 260
441 541
441 456
441 457
442 457
442 400
442 392
442 370
442 360
442 418
442 447
442 421
442 416
442 408
443 390
443 13
443 185
443 250
443 472
443 440
443 385
443 369
443 412
443 391
444 436
444 250
444 405
444 481
444 449
444 445
444 387
444 394
444 411
444 446
445 436
445 250
445 405
445 481
445 444
445 449
445 387
445 394
445 411
445 446
446 395
446 405
446 444
446 445
446 481
446 434
446 449
446 436
446 411
446 394
447 242
447 437
447 168
447 368
447 442
447 451
447 408
447 455
447 416
447 421
448 223
448 402
448 416
448 437
448 424
448 451
448 455
448 461
448 463
448 288
449 405
449 481
449 395
449 394
449 411
449 446
449 445
449 444
449 430
449 436
450 473
450 508
450 472
450 412
450 360
450 411
450 434
450 456
450 477
450 0
451 482
451 461
451 463
451 448
451 421
451 447
451 416
451 437
451 368
451 455
452 246
452 168
452 390
452 276
452 454
452 472
452 369
452 268
452 453
452 461
453 426
453 168
453 268
453 369
453 454
453 472
453 452
453 461
453 390
453 276
454 159
454 453
454 452
454 114
454 126
454 101
454 390
454 246
454 260
454 74
455 448
455 424
455 422
455 224
455 437
455 421
455 447
455 368
455 416
455 451
456 474
456 434
456 412
456 407
456 450
456 389
456 360
456 477
456 364
456 411
457 408
457 386
457 441
457 420
457 442
457 375
457 456
457 360
457 481
457 422
458 366
458 463
458 423
458 373
458 403
458 413
458 375
458 365
458 386
458 384
459 470
459 415
459 430
459 366
459 378
459 420
459 386
459 399
459 413
459 407
460 420
460 324
460 309
460 343
460 418
460 303
460 505
460 526
460 515
460 424
461 430
461 453
461 448
461 452
461 383
461 432
461 437
461 416
461 424
461 451
462 449
462 461
462 240
462 430
462 282
462 424
462 496
462 18
462 343
462 491
463 541
463 456
463 424
463 369
463 441
463 451
463 194
463 435
463 396
463 200
464 392
464 465
464 376
464 370
464 380
464 367
464 375
464 373
464 476
464 478
465 405
465 384
465 373
465 417
465 375
465 366
465 365
465 386
465 389
465 392
466 363
466 372
466 468
466 194
466 400
466 359
466 362
466 438
466 467
466 364
467 382
467 372
467 438
467 396
467 359
467 362
467 364
467 389
467 466
467 417
468 304
468 467
468 314
468 466
468 409
468 416
468 362
468 392
468 396
468 363
469 379
469 472
469 478
469 382
469 380
469 401
469 470
469 415
469 372
469 388
470 385
470 377
470 372
470 378
470 417
470 415
470 472
470 405
470 469
470 401
471 417
471 351
471 468
471 363
471 414
471 396
471 362
471 392
471 359
471 389
472 453
472 452
472 416
472 379
472 388
472 401
472 470
472 418
472 390
472 369
473 429
473 421
473 461
473 369
473 424
473 416
473 400
473 422
473 371
473 360
474 407
474 389
474 410
474 386
474 456
474 378
474 398
474 420
474 361
474 374
475 180
475 425
475 365
475 384
475 378
475 413
475 386
475 375
475 423
475 420
476 367
476 467
476 359
476 469
476 396
476 362
476 474
476 392
476 375
476 466
477 392
477 416
477 408
477 436
477 359
477 450
477 434
477 411
477 456
477 412
478 367
478 386
478 382
478 378
478 399
478 464
478 373
478 469
478 380
478 372
479 192
479 507
479 440
479 439
479 529
479 391
479 480
479 482
479 379
479 438
480 192
480 438
480 507
480 529
480 391
480 379
480 439
480 482
480 440
480 479
481 163
481 405
481 360
481 411
481 449
481 416
481 446
481 394
481 421
481 457
482 377
482 455
482 424
482 447
482 428
482 507
482 451
482 480
482 479
482 529
483 528
483 543
483 534
483 529
483 510
483 506
483 502
483 495
483 541
483 490
484 509
484 430
484 179
484 288
484 245
484 285
484 511
484 512
484 494
484 513
485 333
485 483
485 57
485 515
485 537
485 527
485 523
485 520
485 505
485 543
486 364
486 533
486 504
486 536
486 537
486 510
486 210
486 492
486 525
486 513
487 504
487 488
487 519
487 528
487 503
487 538
487 539
487 500
487 515
487 522
488 499
488 510
488 497
488 517
488 519
488 541
488 537
488 516
488 538
488 518
489 519
489 539
489 518
489 494
489 496
489 491
489 493
489 522
489 497
489 500
490 510
490 507
490 472
490 541
490 282
490 483
490 534
490 495
490 502
490 542
491 343
491 522
491 262
491 336
491 524
491 530
491 462
491 496
491 489
491 526
492 364
492 533
492 504
492 536
492 537
492 510
492 210
492 525
492 486
492 513
493 513
493 494
493 535
493 536
493 521
493 489
493 539
493 497
493 500
493 504
494 533
494 515
494 524
494 484
494 489
494 500
494 493
494 497
494 498
494 504
495 510
495 513
495 533
495 529
495 490
495 506
495 534
495 483
495 542
495 502
496 343
496 522
496 262
496 336
496 524
496 530
496 462
496 489
496 526
496 491
497 498
497 519
497 518
497 493
497 538
497 539
497 489
497 541
497 488
497 500
498 497
498 531
498 540
498 366
498 526
498 494
498 539
498 500
498 417
498 517
499 497
499 521
499 538
499 488
499 500
499 519
499 518
499 541
499 533
499 543
500 494
500 505
500 366
500 517
500 526
500 489
500 539
500 493
500 497
500 498
501 535
501 530
501 245
501 47
501 16
501 522
501 531
501 540
501 24
501 515
502 18
502 529
502 528
502 510
502 490
502 483
502 534
502 541
502 542
502 495
503 516
503 533
503 504
503 517
503 522
503 543
503 525
503 523
503 521
503 505
504 486
504 492
504 493
504 536
504 238
504 533
504 260
504 194
504 494
504 503
505 460
505 485
505 179
505 526
505 522
505 503
505 523
505 417
505 525
505 521
506 517
506 291
506 333
506 55
506 503
506 495
506 23
506 528
506 483
506 530
507 313
507 502
507 490
507 483
507 202
507 482
507 534
507 480
507 479
507 529
508 503
508 487
508 21
508 75
508 12
508 501
508 522
508 26
508 450
508 57
509 504
509 484
509 485
509 520
509 513
509 523
509 521
509 527
509 512
509 511
510 497
510 538
510 516
510 528
510 534
510 488
510 518
510 541
510 483
510 502
511 534
511 504
511 523
511 285
511 224
511 484
511 520
511 527
511 509
511 512
512 534
512 504
512 523
512 285
512 224
512 484
512 520
512 527
512 509
512 511
513 533
513 495
513 486
513 492
513 129
513 202
513 521
513 527
513 32
513 484
514 248
514 417
514 104
514 525
514 529
514 502
514 539
514 526
514 462
514 530
515 494
515 519
515 366
515 460
515 485
515 487
515 214
515 540
515 501
515 543
516 520
516 527
516 510
516 518
516 530
516 517
516 528
516 538
516 488
516 537
517 522
517 526
517 538
517 541
517 498
517 500
517 516
517 488
517 521
517 503
518 489
518 499
518 497
518 537
518 510
518 538
518 488
518 516
518 541
518 519
519 515
519 510
519 541
519 521
519 538
519 499
519 497
519 488
519 518
519 489
520 509
520 527
520 523
520 512
520 530
520 516
520 528
520 355
520 59
520 511
521 513
521 527
521 526
521 536
521 517
521 543
521 525
521 503
521 505
521 523
522 500
522 487
522 501
522 524
522 505
522 517
522 503
522 489
522 508
522 531
523 517
523 526
523 520
523 536
523 527
523 485
523 525
523 503
523 505
523 521
524 504
524 505
524 109
524 527
524 489
524 351
524 491
524 522
524 496
524 494
525 510
525 351
525 517
525 417
525 523
525 536
525 526
525 505
525 503
525 521
526 530
526 496
526 366
526 498
526 500
526 491
526 417
526 536
526 505
526 525
527 485
527 516
527 513
527 511
527 537
527 521
527 523
527 512
527 509
527 520
528 505
528 517
528 534
528 516
528 537
528 510
528 520
528 506
528 483
528 530
529 510
529 480
529 534
529 507
529 502
529 479
529 483
529 482
529 541
529 495
530 517
530 491
530 528
530 536
530 506
530 520
530 496
530 526
530 516
530 192
531 515
531 491
531 489
531 517
531 496
531 501
531 543
531 526
531 522
531 498
532 351
532 456
532 528
532 407
532 533
532 32
532 516
532 385
532 12
532 60
533 539
533 518
533 486
533 492
533 513
533 495
533 499
533 503
533 504
533 543
534 224
534 528
534 529
534 483
534 495
534 502
534 510
534 541
534 542
534 490
535 533
535 456
535 248
535 413
535 209
535 387
535 522
535 501
535 493
535 489
536 504
536 523
536 492
536 486
536 530
536 526
536 210
536 525
536 351
536 521
537 57
537 505
537 488
537 485
537 538
537 516
537 518
537 528
537 520
537 527
538 499
538 510
538 497
538 517
538 516
538 519
538 488
538 541
538 518
538 537
539 505
539 533
539 522
539 487
539 526
539 497
539 493
539 500
539 498
539 489
540 517
540 484
540 499
540 522
540 494
540 515
540 500
540 288
540 498
540 501
541 529
541 534
541 517
541 510
541 518
541 538
541 497
541 488
541 483
541 502
542 506
542 483
542 529
542 214
542 262
542 495
542 490
542 534
542 502
542 190
543 485
543 517
543 541
543 531
543 515
543 521
543 483
543 499
543 503
543 533
