0 3
0 58
0 8
0 42
0 37
0 60
0 46
0 44
0 36
0 35
1 0
1 441
1 53
1 41
1 57
1 11
1 19
1 39
1 60
1 58
2 43
2 7
2 238
2 61
2 38
2 54
2 51
2 44
2 36
2 58
3 7
3 36
3 0
3 238
3 61
3 44
3 34
3 368
3 8
3 35
4 48
4 15
4 45
4 151
4 9
4 435
4 39
4 20
4 19
4 11
5 35
5 0
5 1
5 296
5 34
5 19
5 168
5 32
5 38
5 36
6 48
6 49
6 10
6 27
6 26
6 47
6 29
6 30
6 50
6 53
7 3
7 8
7 2
7 238
7 18
7 36
7 42
7 43
7 51
7 11
8 7
8 36
8 0
8 238
8 61
8 44
8 34
8 368
8 3
8 35
9 238
9 4
9 15
9 14
9 369
9 39
9 48
9 20
9 19
9 45
10 26
10 53
10 31
10 30
10 49
10 47
10 29
10 27
10 6
10 50
11 151
11 20
11 34
11 13
11 7
11 1
11 42
11 4
11 40
11 32
12 60
12 26
12 40
12 265
12 57
12 440
12 236
12 18
12 58
12 54
13 1
13 48
13 40
13 9
13 238
13 19
13 337
13 36
13 11
13 25
14 27
14 29
14 53
14 26
14 49
14 50
14 31
14 30
14 47
14 48
15 1
15 50
15 45
15 53
15 9
15 6
15 19
15 39
15 20
15 40
16 27
16 24
16 17
16 22
16 48
16 52
16 55
16 501
16 25
16 23
17 47
17 49
17 6
17 535
17 50
17 24
17 52
17 55
17 28
17 23
18 440
18 25
18 430
18 46
18 12
18 7
18 54
18 30
18 449
18 57
19 45
19 40
19 15
19 9
19 447
19 168
19 1
19 4
19 20
19 39
20 247
20 11
20 4
20 25
20 40
20 45
20 9
20 39
20 15
20 19
21 516
21 295
21 54
21 238
21 530
21 449
21 497
21 168
21 402
21 447
22 44
22 57
22 470
22 401
22 61
22 16
22 507
22 25
22 48
22 191
23 535
23 25
23 381
23 16
23 55
23 52
23 28
23 256
23 24
23 17
24 61
24 187
24 52
24 17
24 25
24 29
24 16
24 28
24 23
24 55
25 16
25 18
25 20
25 9
25 168
25 24
25 22
25 23
25 39
25 48
26 48
26 31
26 6
26 50
26 14
26 47
26 29
26 30
26 27
26 53
27 49
27 14
27 31
27 26
27 30
27 47
27 53
27 50
27 10
27 6
28 49
28 6
28 50
28 25
28 535
28 23
28 55
28 24
28 52
28 17
29 14
29 26
29 31
29 10
29 47
29 50
29 6
29 53
29 49
29 30
30 26
30 31
30 49
30 50
30 48
30 6
30 14
30 53
30 29
30 47
31 27
31 6
31 47
31 26
31 30
31 29
31 49
31 14
31 50
31 53
32 39
32 58
32 480
32 36
32 51
32 33
32 60
32 11
32 61
32 44
33 53
33 11
33 59
33 40
33 14
33 45
33 48
33 32
33 61
33 43
34 496
34 0
34 44
34 8
34 42
34 37
34 36
34 3
34 35
34 46
35 42
35 43
35 36
35 34
35 8
35 37
35 3
35 44
35 46
35 0
36 42
36 2
36 44
36 51
36 43
36 37
36 5
36 7
36 34
36 0
37 449
37 60
37 51
37 46
37 44
37 42
37 36
37 35
37 34
37 0
38 36
38 260
38 60
38 5
38 46
38 58
38 54
38 61
38 44
38 2
39 15
39 25
39 1
39 45
39 496
39 20
39 491
39 4
39 19
39 9
40 11
40 46
40 33
40 20
40 61
40 12
40 58
40 53
40 54
40 6
41 213
41 537
41 208
41 499
41 262
41 58
41 195
41 71
41 60
41 272
42 35
42 44
42 51
42 7
42 11
42 34
42 36
42 37
42 46
42 0
43 0
43 36
43 58
43 238
43 44
43 7
43 33
43 35
43 2
43 61
44 32
44 34
44 35
44 57
44 54
44 3
44 8
44 58
44 60
44 0
45 53
45 40
45 17
45 19
45 15
45 290
45 39
45 9
45 20
45 33
46 534
46 36
46 37
46 0
46 18
46 42
46 34
46 35
46 496
46 491
47 31
47 10
47 48
47 49
47 53
47 29
47 30
47 50
47 6
47 14
48 26
48 25
48 49
48 50
48 30
48 14
48 53
48 6
48 47
48 260
49 48
49 10
49 14
49 6
49 53
49 29
49 30
49 31
49 50
49 47
50 14
50 27
50 31
50 6
50 49
50 30
50 47
50 26
50 29
50 53
51 203
51 42
51 44
51 60
51 256
51 36
51 14
51 7
51 2
51 238
52 14
52 501
52 16
52 10
52 47
52 17
52 23
52 28
52 55
52 24
53 49
53 31
53 30
53 6
53 29
53 26
53 48
53 47
53 50
53 27
54 402
54 2
54 40
54 295
54 44
54 57
54 60
54 12
54 21
54 58
55 30
55 256
55 501
55 25
55 52
55 28
55 24
55 16
55 17
55 23
56 1
56 19
56 159
56 255
56 13
56 224
56 421
56 337
56 218
56 412
57 8
57 22
57 61
57 1
57 44
57 18
57 12
57 54
57 60
57 58
58 61
58 53
58 12
58 44
58 41
58 2
58 54
58 57
58 1
58 60
59 25
59 13
59 35
59 48
59 44
59 33
59 36
59 260
59 242
59 0
60 0
60 61
60 58
60 57
60 54
60 51
60 44
60 41
60 1
60 32
61 58
61 40
61 3
61 8
61 38
61 60
61 43
61 44
61 33
61 32
62 111
62 154
62 146
62 137
62 102
62 123
62 76
62 73
62 108
62 136
63 86
63 95
63 114
63 106
63 133
63 130
63 152
63 139
63 72
63 82
64 101
64 105
64 127
64 75
64 82
64 155
64 89
64 238
64 92
64 86
65 147
65 107
65 121
65 79
65 80
65 87
65 165
65 70
65 81
65 145
66 153
66 122
66 77
66 159
66 127
66 134
66 142
66 390
66 17
66 129
67 390
67 106
67 256
67 72
67 139
67 128
67 88
67 86
67 82
67 78
68 121
68 145
68 105
68 84
68 70
68 65
68 116
68 80
68 107
68 87
69 441
69 131
69 146
69 21
69 359
69 145
69 108
69 83
69 136
69 96
70 121
70 80
70 87
70 79
70 145
70 65
70 81
70 90
70 165
70 109
71 96
71 447
71 224
71 162
71 127
71 456
71 159
71 262
71 74
71 41
72 119
72 67
72 139
72 63
72 86
72 106
72 82
72 95
72 133
72 114
73 125
73 98
73 111
73 117
73 83
73 62
73 228
73 123
73 418
73 76
74 289
74 234
74 358
74 342
74 133
74 134
74 71
74 115
74 192
74 85
75 82
75 92
75 158
75 86
75 64
75 101
75 127
75 238
75 105
75 89
76 444
76 160
76 433
76 102
76 149
76 117
76 156
76 73
76 164
76 62
77 220
77 255
77 127
77 122
77 142
77 93
77 63
77 96
77 129
77 66
78 106
78 86
78 136
78 82
78 125
78 132
78 128
78 137
78 88
78 67
79 80
79 107
79 337
79 70
79 65
79 162
79 90
79 81
79 145
79 165
80 81
80 145
80 165
80 87
80 84
80 68
80 70
80 107
80 121
80 65
81 90
81 87
81 109
81 79
81 70
81 84
81 65
81 165
81 80
81 145
82 95
82 67
82 64
82 114
82 63
82 78
82 139
82 106
82 86
82 72
83 132
83 121
83 97
83 108
83 111
83 98
83 125
83 131
83 73
83 137
84 68
84 165
84 80
84 87
84 121
84 65
84 70
84 107
84 81
84 145
85 144
85 145
85 107
85 149
85 260
85 74
85 120
85 203
85 160
85 77
86 95
86 114
86 72
86 78
86 64
86 139
86 82
86 89
86 67
86 106
87 81
87 145
87 80
87 165
87 84
87 68
87 70
87 107
87 121
87 65
88 107
88 138
88 137
88 136
88 132
88 128
88 125
88 147
88 78
88 67
89 145
89 127
89 155
89 64
89 86
89 92
89 101
89 238
89 75
89 158
90 84
90 162
90 81
90 14
90 165
90 79
90 120
90 65
90 145
90 70
91 147
91 70
91 150
91 238
91 65
91 107
91 131
91 145
91 121
91 165
92 140
92 158
92 101
92 155
92 89
92 238
92 64
92 145
92 75
92 337
93 127
93 159
93 124
93 72
93 129
93 122
93 142
93 161
93 96
93 77
94 62
94 132
94 98
94 153
94 325
94 107
94 135
94 157
94 156
94 155
95 124
95 122
95 130
95 106
95 86
95 82
95 139
95 114
95 133
95 63
96 134
96 69
96 77
96 127
96 122
96 161
96 93
96 142
96 447
96 129
97 99
97 132
97 65
97 83
97 121
97 136
97 138
97 145
97 98
97 116
98 160
98 99
98 125
98 97
98 116
98 136
98 132
98 137
98 83
98 121
99 65
99 446
99 145
99 21
99 116
99 97
99 301
99 302
99 98
99 75
100 501
100 470
100 401
100 160
100 156
100 135
100 148
100 331
100 162
100 322
101 162
101 93
101 142
101 89
101 238
101 64
101 92
101 75
101 158
101 155
102 532
102 146
102 73
102 62
102 156
102 111
102 238
102 76
102 123
102 108
103 77
103 155
103 130
103 63
103 133
103 67
103 238
103 86
103 82
103 115
104 301
104 190
104 165
104 163
104 158
104 148
104 120
104 151
104 149
104 164
105 82
105 127
105 86
105 118
105 124
105 64
105 75
105 133
105 106
105 238
106 118
106 126
106 130
106 139
106 105
106 114
106 133
106 86
106 82
106 95
107 68
107 84
107 138
107 70
107 91
107 145
107 121
107 65
107 154
107 165
108 137
108 102
108 98
108 83
108 69
108 62
108 125
108 131
108 123
108 111
109 105
109 145
109 128
109 65
109 260
109 81
109 110
109 70
109 500
109 116
110 113
110 112
110 500
110 116
110 92
110 128
110 109
110 117
110 70
110 144
111 98
111 102
111 390
111 62
111 67
111 131
111 108
111 83
111 123
111 73
112 138
112 136
112 140
112 155
112 113
112 128
112 80
112 87
112 116
112 115
113 138
113 115
113 136
113 155
113 140
113 80
113 128
113 87
113 112
113 116
114 67
114 122
114 134
114 95
114 86
114 106
114 139
114 133
114 63
114 82
115 152
115 113
115 133
115 112
115 142
115 262
115 127
115 541
115 134
115 74
116 99
116 97
116 140
116 98
116 65
116 128
116 113
116 112
116 110
116 109
117 472
117 146
117 145
117 110
117 73
117 160
117 162
117 156
117 135
117 76
118 95
118 543
118 161
118 124
118 122
118 105
118 275
118 99
118 447
118 106
119 143
119 63
119 238
119 126
119 114
119 133
119 124
119 134
119 106
119 127
120 237
120 90
120 163
120 151
120 162
120 70
120 164
120 301
120 160
120 149
121 125
121 160
121 70
121 136
121 137
121 65
121 145
121 165
121 91
121 107
122 96
122 93
122 124
122 126
122 95
122 77
122 133
122 139
122 106
122 114
123 189
123 256
123 102
123 157
123 108
123 392
123 73
123 111
123 146
123 62
124 119
124 122
124 126
124 143
124 134
124 133
124 130
124 95
124 106
124 105
125 108
125 98
125 67
125 132
125 137
125 83
125 136
125 121
125 78
125 88
126 63
126 119
126 133
126 134
126 106
126 95
126 124
126 122
126 114
126 130
127 119
127 64
127 142
127 96
127 145
127 144
127 134
127 115
127 238
127 75
128 109
128 110
128 155
128 140
128 116
128 113
128 78
128 112
128 88
128 67
129 142
129 127
129 93
129 96
129 17
129 159
129 161
129 153
129 77
129 66
130 139
130 122
130 126
130 95
130 152
130 106
130 114
130 124
130 63
130 133
131 154
131 62
131 125
131 97
131 98
131 69
131 108
131 111
131 83
131 91
132 165
132 98
132 121
132 145
132 138
132 136
132 137
132 88
132 125
132 78
133 126
133 130
133 63
133 134
133 139
133 124
133 95
133 152
133 114
133 106
134 189
134 124
134 119
134 161
134 127
134 144
134 114
134 133
134 115
134 238
135 164
135 94
135 290
135 153
135 158
135 100
135 160
135 162
135 117
135 156
136 165
136 97
136 98
136 145
136 132
136 138
136 137
136 121
136 125
136 88
137 98
137 121
137 125
137 67
137 88
137 83
137 132
137 136
137 138
137 78
138 88
138 70
138 132
138 137
138 107
138 145
138 65
138 165
138 121
138 136
139 122
139 114
139 106
139 95
139 133
139 72
139 86
139 82
139 63
139 67
140 121
140 138
140 158
140 238
140 92
140 116
140 113
140 128
140 112
140 155
141 535
141 449
141 149
141 264
141 497
141 206
141 70
141 165
141 245
141 9
142 461
142 222
142 238
142 129
142 66
142 446
142 127
142 93
142 96
142 77
143 152
143 133
143 95
143 114
143 119
143 124
143 86
143 139
143 82
143 106
144 129
144 149
144 64
144 105
144 96
144 127
144 89
144 238
144 134
144 75
145 147
145 87
145 79
145 91
145 65
145 81
145 80
145 70
145 121
145 165
146 98
146 73
146 83
146 102
146 117
146 243
146 405
146 69
146 62
146 123
147 87
147 80
147 91
147 165
147 107
147 121
147 65
147 70
147 88
147 145
148 104
148 283
148 120
148 151
148 149
148 164
148 100
148 186
148 96
148 129
149 70
149 421
149 162
149 120
149 163
149 76
149 164
149 104
149 148
149 362
150 39
150 96
150 295
150 351
150 129
150 238
150 491
150 496
150 91
150 489
151 104
151 164
151 70
151 120
151 65
151 149
151 79
151 148
151 279
151 145
152 143
152 134
152 115
152 114
152 95
152 124
152 106
152 63
152 130
152 133
153 464
153 307
153 366
153 17
153 156
153 129
153 162
153 290
153 66
153 135
154 62
154 87
154 80
154 138
154 121
154 165
154 107
154 70
154 145
154 65
155 112
155 107
155 158
155 101
155 128
155 140
155 92
155 238
155 89
155 64
156 325
156 153
156 158
156 145
156 117
156 100
156 94
156 135
156 162
156 160
157 108
157 78
157 146
157 125
157 94
157 156
157 397
157 137
157 123
157 88
158 156
158 160
158 92
158 75
158 135
158 155
158 101
158 162
158 89
158 238
159 127
159 70
159 129
159 66
159 501
159 65
159 429
159 449
159 96
159 456
160 117
160 138
160 107
160 120
160 14
160 301
160 156
160 162
160 121
160 135
161 77
161 124
161 238
161 189
161 96
161 93
161 129
161 64
161 134
161 127
162 301
162 100
162 117
162 120
162 135
162 160
162 158
162 70
162 156
162 153
163 70
163 76
163 162
163 149
163 324
163 326
163 238
163 164
163 120
163 104
164 165
164 162
164 89
164 120
164 195
164 163
164 306
164 149
164 104
164 148
165 168
165 79
165 138
165 107
165 81
165 65
165 70
165 91
165 121
165 145
166 305
166 203
166 169
166 279
166 174
166 273
166 332
166 257
166 358
166 240
167 227
167 542
167 45
167 420
167 278
167 192
167 301
167 294
167 318
167 177
168 297
168 364
168 21
168 447
168 275
168 449
168 208
168 200
168 296
168 498
169 349
169 205
169 257
169 180
169 273
169 226
169 358
169 281
169 305
169 166
170 326
170 178
170 272
170 275
170 210
170 311
170 297
170 200
170 227
170 271
171 263
171 243
171 354
171 200
171 348
171 300
171 293
171 347
171 198
171 350
172 198
172 300
172 174
172 233
172 263
172 349
172 278
172 194
172 293
172 176
173 363
173 468
173 377
173 505
173 357
173 204
173 205
173 262
173 256
173 350
174 349
174 236
174 304
174 166
174 273
174 309
174 223
174 188
174 176
174 263
175 280
175 367
175 263
175 287
175 227
175 299
175 235
175 197
175 241
175 205
176 171
176 331
176 314
176 262
176 304
176 300
176 174
176 172
176 362
176 292
177 231
177 251
177 351
177 347
177 220
177 221
177 334
177 225
177 238
177 214
178 210
178 170
178 296
178 271
178 275
178 183
178 227
178 297
178 181
178 200
179 266
179 421
179 420
179 456
179 300
179 301
179 354
179 473
179 220
179 348
180 208
180 275
180 475
180 236
180 192
180 305
180 191
180 336
180 182
180 169
181 353
181 311
181 296
181 275
181 271
181 297
181 200
181 183
181 178
181 227
182 191
182 258
182 127
182 286
182 412
182 180
182 308
182 393
182 451
182 421
183 275
183 311
183 271
183 181
183 178
183 200
183 297
183 170
183 168
183 227
184 214
184 228
184 273
184 305
184 233
184 247
184 208
184 239
184 229
184 309
185 309
185 442
185 32
185 480
185 408
185 177
185 490
185 383
185 228
185 179
186 241
186 334
186 296
186 280
186 288
186 337
186 284
186 168
186 260
186 498
187 352
187 341
187 351
187 345
187 280
187 247
187 214
187 333
187 221
187 238
188 309
188 301
188 336
188 276
188 174
188 471
188 337
188 224
188 254
188 220
189 449
189 303
189 272
189 480
189 127
189 134
189 503
189 238
189 161
189 105
190 402
190 470
190 290
190 139
190 401
190 413
190 369
190 254
190 238
190 250
191 433
191 459
191 420
191 233
191 228
191 475
191 180
191 22
191 243
191 417
192 224
192 241
192 234
192 283
192 269
192 74
192 303
192 346
192 226
192 237
193 55
193 24
193 187
193 14
193 315
193 480
193 288
193 481
193 283
193 238
194 159
194 384
194 403
194 393
194 366
194 195
194 168
194 258
194 260
194 413
195 406
195 494
195 419
195 41
195 347
195 405
195 413
195 487
195 474
195 517
196 265
196 304
196 307
196 270
196 244
196 236
196 305
196 312
196 219
196 313
197 305
197 299
197 287
197 337
197 175
197 203
197 205
197 250
197 235
197 211
198 203
198 171
198 243
198 300
198 348
198 354
198 266
198 177
198 278
198 349
199 231
199 187
199 196
199 232
199 409
199 216
199 334
199 214
199 221
199 267
200 168
200 296
200 227
200 178
200 170
200 311
200 275
200 210
200 271
200 297
201 311
201 319
201 317
201 178
201 260
201 168
201 296
201 209
201 309
201 170
202 240
202 214
202 253
202 333
202 168
202 238
202 242
202 270
202 212
202 274
203 51
203 168
203 456
203 366
203 524
203 197
203 287
203 260
203 250
203 211
204 345
204 210
204 303
204 413
204 456
204 203
204 173
204 261
204 377
204 359
205 197
205 367
205 262
205 208
205 227
205 287
205 256
205 235
205 175
205 299
206 288
206 141
206 219
206 237
206 260
206 267
206 280
206 283
206 315
206 291
207 51
207 210
207 276
207 212
207 345
207 510
207 377
207 233
207 358
207 303
208 205
208 237
208 230
208 346
208 309
208 213
208 244
208 270
208 272
208 168
209 253
209 201
209 279
209 310
209 319
209 317
209 272
209 298
209 240
209 309
210 315
210 311
210 178
210 170
210 296
210 227
210 275
210 200
210 297
210 271
211 456
211 237
211 250
211 289
211 203
211 306
211 287
211 352
211 213
211 197
212 272
212 209
212 214
212 303
212 242
212 356
212 274
212 207
212 202
212 270
213 237
213 270
213 244
213 214
213 41
213 236
213 211
213 284
213 309
213 208
214 223
214 187
214 221
214 225
214 177
214 259
214 251
214 345
214 326
214 351
215 352
215 231
215 446
215 429
215 495
215 294
215 275
215 351
215 321
215 302
216 231
216 214
216 264
216 199
216 316
216 302
216 221
216 238
216 337
216 245
217 212
217 356
217 357
217 355
217 274
217 278
217 263
217 262
217 292
217 330
218 353
218 350
218 275
218 271
218 200
218 293
218 296
218 297
218 337
218 457
219 47
219 206
219 199
219 267
219 229
219 315
219 269
219 196
219 10
219 221
220 232
220 348
220 354
220 179
220 221
220 266
220 272
220 343
220 177
220 334
221 345
221 177
221 220
221 341
221 333
221 214
221 187
221 199
221 351
221 243
222 283
222 244
222 14
222 202
222 142
222 285
222 270
222 257
222 337
222 286
223 220
223 418
223 259
223 266
223 351
223 251
223 334
223 272
223 174
223 214
224 323
224 237
224 235
224 301
224 283
224 192
224 188
224 367
224 472
224 234
225 323
225 279
225 351
225 260
225 497
225 214
225 522
225 238
225 347
225 177
226 282
226 284
226 281
226 276
226 169
226 192
226 241
226 349
226 260
226 305
227 205
227 181
227 238
227 311
227 297
227 170
227 178
227 275
227 200
227 271
228 237
228 185
228 480
228 255
228 353
228 73
228 411
228 233
228 456
228 391
229 345
229 326
229 346
229 219
229 239
229 184
229 238
229 233
229 269
229 247
230 272
230 345
230 526
230 339
230 208
230 351
230 214
230 231
230 41
230 326
231 216
231 232
231 230
231 351
231 177
231 343
231 220
231 214
231 334
231 347
232 177
232 251
232 275
232 328
232 220
232 302
232 231
232 214
232 343
232 334
233 191
233 238
233 207
233 358
233 221
233 184
233 239
233 243
233 305
233 247
234 226
234 367
234 60
234 74
234 305
234 187
234 168
234 192
234 449
234 224
235 201
235 58
235 224
235 305
235 241
235 197
235 299
235 175
235 205
235 287
236 196
236 213
236 316
236 238
236 313
236 309
236 440
236 247
236 12
236 265
237 288
237 369
237 284
237 211
237 240
237 208
237 250
237 192
237 206
237 283
238 254
238 225
238 144
238 483
238 465
238 155
238 89
238 64
238 92
238 260
239 273
239 264
239 268
239 300
239 229
239 247
239 233
239 346
239 184
239 269
240 310
240 342
240 298
240 253
240 332
240 309
240 319
240 209
240 237
240 279
241 205
241 447
241 275
241 297
241 334
241 192
241 168
241 299
241 235
241 346
242 270
242 446
242 227
242 248
242 253
242 274
242 212
242 297
242 333
242 202
243 225
243 354
243 191
243 358
243 351
243 326
243 198
243 214
243 221
243 233
244 222
244 237
244 309
244 303
244 214
244 196
244 278
244 208
244 213
244 270
245 141
245 220
245 334
245 264
245 337
245 342
245 424
245 216
245 168
245 426
246 233
246 314
246 304
246 425
246 268
246 249
246 452
246 23
246 453
246 216
247 305
247 236
247 326
247 184
247 239
247 229
247 273
247 214
247 233
247 238
248 240
248 209
248 342
248 275
248 226
248 343
248 281
248 296
248 284
248 242
249 453
249 233
249 402
249 507
249 246
249 268
249 288
249 471
249 342
249 334
250 309
250 208
250 203
250 237
250 287
250 447
250 197
250 254
250 211
250 190
251 266
251 223
251 177
251 267
251 302
251 259
251 232
251 351
251 336
251 214
252 328
252 275
252 207
252 232
252 238
252 507
252 281
252 329
252 337
252 299
253 297
253 296
253 298
253 343
253 209
253 301
253 202
253 240
253 334
253 242
254 184
254 139
254 446
254 428
254 168
254 188
254 190
254 250
254 385
254 238
255 407
255 237
255 77
255 456
255 220
255 418
255 429
255 228
255 339
255 473
256 51
256 67
256 369
256 262
256 417
256 205
256 418
256 381
256 437
256 23
257 166
257 209
257 298
257 309
257 169
257 286
257 285
257 222
257 310
257 337
258 359
258 182
258 207
258 441
258 456
258 194
258 308
258 168
258 301
258 516
259 345
259 267
259 303
259 177
259 223
259 21
259 266
259 251
259 351
259 214
260 225
260 533
260 306
260 48
260 203
260 238
260 206
260 504
260 291
260 534
261 216
261 326
261 199
261 213
261 251
261 302
261 291
261 204
261 337
261 260
262 430
262 355
262 369
262 390
262 41
262 176
262 449
262 205
262 71
262 256
263 273
263 262
263 366
263 278
263 379
263 347
263 438
263 279
263 174
263 359
264 141
264 309
264 239
264 245
264 346
264 269
264 216
264 276
264 268
264 337
265 196
265 214
265 440
265 260
265 253
265 278
265 12
265 326
265 303
265 236
266 345
266 198
266 302
266 300
266 259
266 220
266 351
266 354
266 223
266 214
267 259
267 304
267 351
267 199
267 251
267 219
267 315
267 214
267 409
267 280
268 23
268 264
268 269
268 309
268 276
268 339
268 337
268 346
268 246
268 239
269 302
269 189
269 268
269 219
269 192
269 346
269 300
269 264
269 239
269 229
270 236
270 316
270 222
270 202
270 212
270 333
270 274
270 358
270 244
270 208
271 181
271 296
271 311
271 178
271 170
271 275
271 227
271 210
271 297
271 200
272 223
272 41
272 279
272 260
272 220
272 319
272 209
272 208
272 200
272 170
273 305
273 208
273 239
273 358
273 247
273 184
273 263
273 309
273 169
273 166
274 236
274 333
274 214
274 270
274 338
274 202
274 323
274 212
274 242
274 356
275 351
275 311
275 178
275 296
275 168
275 200
275 210
275 227
275 297
275 271
276 268
276 281
276 226
276 233
276 264
276 447
276 337
276 336
276 516
276 207
277 214
277 200
277 209
277 306
277 232
277 319
277 272
277 279
277 260
277 334
278 280
278 323
278 263
278 308
278 292
278 265
278 303
278 347
278 285
278 244
279 317
279 238
279 310
279 277
279 272
279 319
279 209
279 309
279 240
279 298
280 288
280 333
280 170
280 341
280 462
280 206
280 278
280 267
280 187
280 315
281 168
281 211
281 241
281 248
281 284
281 349
281 169
281 276
281 226
281 305
282 202
282 346
282 432
282 226
282 490
282 390
282 168
282 301
282 542
282 534
283 222
283 47
283 238
283 205
283 224
283 206
283 193
283 237
283 14
283 192
284 240
284 202
284 237
284 248
284 301
284 213
284 186
284 281
284 260
284 352
285 492
285 486
285 522
285 530
285 278
285 257
285 337
285 409
285 286
285 222
286 343
286 522
286 285
286 310
286 222
286 337
286 513
286 182
286 216
286 257
287 346
287 168
287 535
287 250
287 203
287 205
287 197
287 235
287 175
287 211
288 265
288 283
288 206
288 168
288 291
288 186
288 280
288 237
288 402
288 249
289 240
289 516
289 160
289 342
289 253
289 74
289 168
289 324
289 301
289 211
290 259
290 301
290 153
290 429
290 135
290 190
290 428
290 481
290 377
290 543
291 336
291 302
291 288
291 242
291 168
291 206
291 415
291 261
291 227
291 260
292 176
292 244
292 357
292 217
292 300
292 278
292 346
292 354
292 356
292 265
293 263
293 225
293 200
293 227
293 256
293 171
293 218
293 349
293 350
293 172
294 184
294 387
294 321
294 508
294 221
294 160
294 268
294 318
294 167
294 215
295 331
295 528
295 54
295 530
295 475
295 435
295 335
295 21
295 496
295 491
296 353
296 210
296 218
296 271
296 178
296 275
296 168
296 297
296 200
296 248
297 168
297 178
297 210
297 296
297 170
297 275
297 200
297 311
297 227
297 271
298 253
298 308
298 319
298 507
298 240
298 209
298 279
298 447
298 310
298 309
299 443
299 252
299 235
299 335
299 175
299 253
299 205
299 197
299 190
299 241
300 171
300 292
300 220
300 179
300 348
300 266
300 346
300 269
300 354
300 198
301 510
301 275
301 289
301 456
301 525
301 532
301 160
301 516
301 377
301 224
302 308
302 223
302 446
302 216
302 232
302 214
302 351
302 266
302 251
302 346
303 202
303 212
303 259
303 393
303 207
303 192
303 265
303 189
303 278
303 308
304 203
304 246
304 362
304 280
304 338
304 174
304 196
304 267
304 315
304 314
305 236
305 235
305 169
305 226
305 196
305 184
305 281
305 309
305 247
305 233
306 109
306 351
306 421
306 211
306 393
306 533
306 164
306 275
306 456
306 260
307 278
307 315
307 210
307 153
307 313
307 187
307 280
307 196
307 267
307 236
308 214
308 232
308 447
308 278
308 266
308 309
308 351
308 298
308 303
308 334
309 184
309 208
309 213
309 279
309 336
309 298
309 240
309 305
309 209
309 310
310 253
310 51
310 319
310 286
310 309
310 279
310 257
310 298
310 240
310 209
311 214
311 181
311 178
311 260
311 275
311 170
311 200
311 297
311 227
311 271
312 333
312 196
312 214
312 341
312 326
312 313
312 187
312 337
312 247
312 48
313 270
313 307
313 21
313 236
313 196
313 377
313 312
313 326
313 238
313 278
314 203
314 57
314 330
314 196
314 304
314 362
314 207
314 338
314 331
314 315
315 409
315 14
315 260
315 304
315 267
315 238
315 314
315 377
315 280
315 322
316 221
316 278
316 351
316 345
316 187
316 216
316 236
316 247
316 270
316 214
317 450
317 298
317 242
317 21
317 309
317 209
317 201
317 240
317 319
317 279
318 227
318 542
318 45
318 420
318 278
318 192
318 301
318 167
318 294
318 177
319 413
319 272
319 21
319 298
319 309
319 209
319 317
319 279
319 240
319 201
320 456
320 326
320 353
320 321
320 310
320 384
320 424
320 422
320 279
320 302
321 271
321 290
321 456
321 339
321 215
321 342
321 429
321 337
321 320
321 294
322 186
322 409
322 219
322 280
322 196
322 331
322 267
322 100
322 352
322 315
323 196
323 224
323 225
323 203
323 278
323 345
323 236
323 338
323 274
323 347
324 223
324 435
324 489
324 326
324 218
324 240
324 393
324 14
324 289
324 163
325 153
325 271
325 156
325 232
325 107
325 328
325 94
325 334
325 343
325 155
326 163
326 230
326 243
326 247
326 214
326 324
326 339
326 351
326 353
326 312
327 53
327 309
327 522
327 26
327 200
327 29
327 441
327 238
327 195
327 329
328 252
328 278
328 295
328 325
328 232
328 329
328 208
328 334
328 343
328 21
329 120
329 291
329 435
329 522
329 279
329 328
329 252
329 441
329 238
329 327
330 326
330 315
330 278
330 280
330 409
330 314
330 357
330 217
330 362
330 58
331 414
331 377
331 314
331 295
331 176
331 322
331 362
331 100
331 340
331 352
332 234
332 311
332 168
332 240
332 166
332 259
332 209
332 365
332 279
332 232
333 236
333 274
333 345
333 270
333 242
333 221
333 341
333 187
333 214
333 202
334 214
334 337
334 253
334 325
334 328
334 220
334 232
334 343
334 177
334 231
335 150
335 302
335 21
335 163
335 299
335 331
335 295
335 491
335 496
335 352
336 507
336 250
336 275
336 168
336 276
336 334
336 251
336 337
336 309
336 343
337 396
337 409
337 342
337 276
337 522
337 336
337 216
337 286
337 186
337 285
338 120
338 288
338 265
338 236
338 314
338 203
338 304
338 323
338 274
338 309
339 221
339 195
339 268
339 347
339 228
339 326
339 255
339 411
339 214
339 230
340 341
340 342
340 148
340 298
340 187
340 245
340 336
340 331
340 168
340 352
341 316
341 312
341 247
341 280
341 352
341 345
341 214
341 221
341 187
341 333
342 326
342 216
342 74
342 92
342 402
342 516
342 240
342 337
342 14
342 245
343 297
343 177
343 253
343 220
343 336
343 334
343 232
343 231
343 328
343 325
344 222
344 245
344 274
344 242
344 265
344 303
344 341
344 212
344 202
344 270
345 333
345 341
345 266
345 347
345 207
345 316
345 214
345 221
345 187
345 351
346 241
346 301
346 292
346 192
346 168
346 300
346 302
346 208
346 239
346 269
347 345
347 171
347 278
347 263
347 177
347 348
347 354
347 323
347 195
347 225
348 198
348 263
348 278
348 347
348 300
348 354
348 266
348 171
348 220
348 179
349 358
349 263
349 169
349 211
349 198
349 281
349 305
349 172
349 293
349 226
350 275
350 256
350 171
350 173
350 200
350 262
350 293
350 296
350 355
350 271
351 275
351 223
351 221
351 345
351 423
351 225
351 251
351 214
351 259
351 266
352 168
352 295
352 322
352 461
352 340
352 284
352 187
352 341
352 331
352 480
353 214
353 311
353 275
353 271
353 326
353 297
353 296
353 228
353 200
353 227
354 346
354 266
354 300
354 243
354 347
354 348
354 220
354 179
354 171
354 198
355 207
355 233
355 169
355 305
355 205
355 262
355 350
355 217
355 357
355 256
356 278
356 196
356 292
356 212
356 274
356 272
356 253
356 256
356 217
356 357
357 212
357 292
357 173
357 350
357 256
357 356
357 355
357 217
357 330
357 262
358 166
358 74
358 273
358 260
358 270
358 207
358 208
358 169
358 243
358 233
359 203
359 447
359 438
359 366
359 421
359 458
359 456
359 409
359 168
359 263
360 457
360 408
360 371
360 409
360 392
360 416
360 477
360 400
360 195
360 383
361 479
361 391
361 238
361 393
361 474
361 406
361 398
361 410
361 374
361 386
362 501
362 149
362 391
362 314
362 330
362 400
362 414
362 331
362 364
362 409
363 447
363 408
363 409
363 466
363 445
363 444
363 395
363 424
363 468
363 402
364 424
364 447
364 409
364 408
364 168
364 377
364 301
364 362
364 419
364 456
365 380
365 475
365 378
365 366
365 458
365 420
365 408
365 459
365 474
365 473
366 420
366 384
366 359
366 459
366 403
366 458
366 203
366 474
366 475
366 365
367 417
367 256
367 379
367 411
367 233
367 442
367 234
367 450
367 224
367 205
368 451
368 447
368 1
368 442
368 391
368 390
368 8
368 437
368 3
368 58
369 190
369 408
369 262
369 528
369 480
369 472
369 490
369 502
369 413
369 256
370 371
370 389
370 464
370 317
370 421
370 359
370 457
370 400
370 416
370 467
371 473
371 301
371 457
371 383
371 360
371 392
371 400
371 477
371 416
371 421
372 389
372 478
372 479
372 380
372 480
372 469
372 467
372 382
372 438
372 415
373 424
373 477
373 413
373 403
373 411
373 475
373 480
373 388
373 456
373 417
374 393
374 195
374 480
374 474
374 406
374 361
374 386
374 476
374 398
374 410
375 408
375 377
375 402
375 409
375 337
375 366
375 403
375 404
375 423
375 384
376 470
376 401
376 373
376 413
376 456
376 479
376 395
376 405
376 471
376 480
377 313
377 267
377 204
377 207
377 364
377 290
377 301
377 359
377 315
377 331
378 366
378 380
378 403
378 365
378 373
378 478
378 399
378 420
378 417
378 386
379 359
379 372
379 382
379 364
379 467
379 263
379 388
379 438
379 469
379 479
380 365
380 378
380 420
380 386
380 382
380 469
380 399
380 372
380 415
380 478
381 449
381 457
381 402
381 424
381 416
381 437
381 23
381 403
381 400
381 256
382 389
382 478
382 479
382 380
382 480
382 469
382 467
382 372
382 438
382 415
383 260
383 416
383 392
383 360
383 477
383 408
383 473
383 371
383 400
383 447
384 412
384 399
384 373
384 424
384 475
384 538
384 423
384 366
384 488
384 375
385 474
385 480
385 420
385 481
385 459
385 524
385 388
385 426
385 254
385 465
386 405
386 478
386 380
386 399
386 378
386 476
386 398
386 410
386 361
386 374
387 394
387 427
387 337
387 471
387 395
387 238
387 445
387 444
387 439
387 456
388 405
388 475
388 465
388 373
388 401
388 470
388 472
388 385
388 414
388 459
389 480
389 400
389 402
389 372
389 416
389 442
389 382
389 467
389 457
389 408
390 391
390 480
390 256
390 405
390 421
390 262
390 67
390 66
390 397
390 368
391 421
391 390
391 361
391 440
391 480
391 408
391 422
391 228
391 362
391 400
392 371
392 123
392 383
392 432
392 409
392 402
392 416
392 360
392 457
392 408
393 308
393 413
393 275
393 406
393 474
393 195
393 303
393 306
393 361
393 366
394 447
394 456
394 238
394 445
394 444
394 449
394 387
394 395
394 429
394 471
395 376
395 449
395 363
395 468
395 444
395 445
395 387
395 471
395 456
395 394
396 364
396 395
396 417
396 337
396 409
396 408
396 402
396 424
396 474
396 459
397 480
397 390
397 474
397 472
397 454
397 405
397 195
397 441
397 463
397 157
398 459
398 476
398 393
398 366
398 415
398 374
398 410
398 386
398 474
398 361
399 365
399 459
399 384
399 524
399 386
399 478
399 380
399 420
399 378
399 407
400 362
400 391
400 437
400 383
400 416
400 422
400 408
400 360
400 371
400 442
401 413
401 195
401 190
401 366
401 388
401 459
401 474
401 472
401 470
401 458
402 477
402 392
402 411
402 363
402 21
402 432
402 468
402 409
402 424
402 408
403 195
403 375
403 413
403 474
403 464
403 378
403 381
403 373
403 475
403 366
404 468
404 363
404 392
404 402
404 406
404 359
404 408
404 409
404 477
404 424
405 238
405 413
405 474
405 406
405 459
405 463
405 397
405 388
405 441
405 195
406 458
406 366
406 477
406 405
406 195
406 361
406 393
406 388
406 474
406 413
407 378
407 262
407 168
407 129
407 301
407 430
407 418
407 256
407 399
407 449
408 392
408 416
408 480
408 396
408 400
408 457
408 432
408 409
408 424
408 402
409 396
409 432
409 447
409 424
409 402
409 337
409 466
409 414
409 362
409 408
410 459
410 476
410 393
410 366
410 415
410 398
410 374
410 386
410 474
410 361
411 454
411 424
411 434
411 402
411 408
411 477
411 456
411 412
411 450
411 457
412 445
412 444
412 457
412 450
412 409
412 447
412 408
412 411
412 421
412 424
413 194
413 525
413 406
413 465
413 459
413 405
413 451
413 369
413 474
413 195
414 363
414 468
414 385
414 406
414 477
414 409
414 465
414 388
414 466
414 362
415 405
415 397
415 372
415 410
415 478
415 398
415 382
415 469
415 291
415 380
416 370
416 421
416 424
416 360
416 442
416 400
416 392
416 408
416 409
416 457
417 364
417 164
417 396
417 256
417 373
417 378
417 474
417 433
417 420
417 475
418 456
418 385
418 179
418 223
418 73
418 255
418 369
418 472
418 407
418 256
419 538
419 427
419 306
419 459
419 195
419 465
419 364
419 417
419 413
419 474
420 433
420 378
420 480
420 417
420 191
420 459
420 421
420 524
420 399
420 475
421 359
421 416
421 56
421 390
421 456
421 457
421 420
421 168
421 480
421 412
422 435
422 477
422 432
422 391
422 445
422 444
422 447
422 424
422 400
422 408
423 387
423 399
423 475
423 384
423 445
423 444
423 301
423 351
423 426
423 375
424 477
424 409
424 408
424 402
424 416
424 411
424 432
424 412
424 457
424 481
425 246
425 454
425 202
425 441
425 168
425 447
425 498
425 449
425 203
425 369
426 456
426 369
426 337
426 408
426 351
426 459
426 423
426 245
426 216
426 385
427 471
427 306
427 480
427 443
427 238
427 440
427 479
427 387
427 419
427 260
428 164
428 460
428 424
428 301
428 445
428 444
428 447
428 456
428 260
428 290
429 216
429 444
429 449
429 456
429 290
429 473
429 159
429 255
429 394
429 430
430 435
430 436
430 37
430 18
430 407
430 444
430 445
430 429
430 449
430 262
431 393
431 388
431 408
431 401
431 447
431 417
431 474
431 337
431 406
431 470
432 497
432 21
432 422
432 364
432 447
432 392
432 402
432 408
432 409
432 424
433 388
433 458
433 191
433 395
433 366
433 76
433 405
433 475
433 420
433 417
434 463
434 456
434 445
434 444
434 402
434 477
434 447
434 411
434 408
434 435
435 326
435 238
435 295
435 460
435 434
435 445
435 424
435 447
435 463
435 444
436 449
436 408
436 437
436 413
436 463
436 430
436 451
436 445
436 444
436 434
437 58
437 390
437 368
437 436
437 461
437 256
437 442
437 400
437 451
437 381
438 279
438 479
438 359
438 405
438 389
438 379
438 263
438 372
438 382
438 467
439 288
439 440
439 382
439 164
439 372
439 419
439 467
439 438
439 387
439 482
440 364
440 18
440 443
440 391
440 265
440 236
440 427
440 479
440 12
440 482
441 238
441 275
441 1
441 533
441 413
441 327
441 447
441 397
441 463
441 405
442 424
442 367
442 402
442 457
442 389
442 476
442 437
442 416
442 400
442 467
443 456
443 421
443 263
443 440
443 479
443 379
443 299
443 359
443 428
443 427
444 460
444 471
444 446
444 436
444 447
444 456
444 395
444 449
444 445
444 387
445 446
445 471
445 436
445 456
445 395
445 449
445 444
445 238
445 387
445 447
446 242
446 302
446 99
446 400
446 142
446 444
446 447
446 481
446 445
446 516
447 383
447 298
447 409
447 498
447 435
447 449
447 444
447 168
447 445
447 21
448 301
448 430
448 400
448 361
448 437
448 455
448 402
448 456
448 381
448 168
449 395
449 18
449 429
449 262
449 407
449 447
449 168
449 445
449 444
449 430
450 234
450 353
450 470
450 401
450 296
450 402
450 317
450 367
450 412
450 411
451 228
451 445
451 447
451 444
451 400
451 413
451 436
451 437
451 455
451 461
452 227
452 236
452 462
452 411
452 352
452 453
452 246
452 168
452 421
452 216
453 227
453 236
453 462
453 411
453 352
453 246
453 168
453 421
453 216
453 452
454 425
454 435
454 301
454 238
454 456
454 411
454 477
454 397
454 445
454 444
455 427
455 465
455 430
455 149
455 326
455 448
455 260
455 168
455 400
455 451
456 473
456 428
456 301
456 449
456 421
456 445
456 411
456 444
456 471
456 395
457 477
457 402
457 421
457 416
457 392
457 481
457 411
457 409
457 408
457 424
458 420
458 406
458 459
458 465
458 359
458 366
458 401
458 470
458 474
458 365
459 369
459 465
459 413
459 388
459 385
459 474
459 420
459 525
459 365
459 524
460 395
460 434
460 471
460 424
460 435
460 445
460 447
460 461
460 462
460 444
461 451
461 444
461 200
461 437
461 447
461 352
461 460
461 409
461 462
461 214
462 424
462 409
462 301
462 60
462 280
462 524
462 447
462 460
462 461
462 220
463 306
463 413
463 435
463 533
463 434
463 436
463 260
463 441
463 405
463 397
464 413
464 417
464 420
464 375
464 370
464 366
464 153
464 378
464 403
464 475
465 419
465 385
465 414
465 525
465 474
465 388
465 413
465 238
465 458
465 459
466 474
466 402
466 408
466 363
466 362
466 414
466 467
466 468
466 315
466 409
467 416
467 372
467 476
467 379
467 438
467 389
467 442
467 400
467 409
467 382
468 447
468 408
468 409
468 466
468 445
468 444
468 395
468 363
468 424
468 402
469 369
469 397
469 379
469 414
469 405
469 478
469 415
469 372
469 382
469 380
470 413
470 195
470 190
470 366
470 388
470 401
470 459
470 474
470 472
470 458
471 460
471 387
471 376
471 395
471 479
471 456
471 449
471 445
471 444
471 337
472 477
472 408
472 405
472 470
472 480
472 401
472 369
472 224
472 388
472 418
473 429
473 420
473 408
473 301
473 179
473 456
473 383
473 255
473 411
473 480
474 419
474 398
474 195
474 401
474 413
474 410
474 465
474 470
474 525
474 459
475 474
475 384
475 459
475 366
475 420
475 403
475 295
475 417
475 447
475 388
476 410
476 477
476 474
476 389
476 386
476 374
476 67
476 400
476 442
476 467
477 447
477 457
477 360
477 434
477 383
477 371
477 402
477 408
477 424
477 411
478 365
478 378
478 420
478 386
478 382
478 469
478 399
478 372
478 415
478 380
479 220
479 443
479 379
479 440
479 376
479 471
479 382
479 372
479 480
479 427
480 420
480 376
480 472
480 352
480 408
480 228
480 369
480 473
480 421
480 479
481 99
481 449
481 456
481 290
481 446
481 385
481 424
481 447
481 168
481 457
482 470
482 401
482 168
482 437
482 474
482 439
482 480
482 440
482 507
482 529
483 539
483 497
483 195
483 541
483 534
483 510
483 528
483 495
483 506
483 238
484 220
484 530
484 499
484 509
484 522
484 513
484 505
484 518
484 492
484 486
485 518
485 509
485 519
485 513
485 537
485 523
485 520
485 505
485 487
485 527
486 537
486 501
486 510
486 541
486 520
486 14
486 514
486 530
486 492
486 531
487 520
487 519
487 499
487 538
487 488
487 537
487 505
487 527
487 485
487 195
488 384
488 168
488 510
488 519
488 487
488 541
488 540
488 537
488 538
488 530
489 516
489 510
489 459
489 420
489 150
489 498
489 499
489 524
489 238
489 494
490 185
490 522
490 256
490 534
490 282
490 195
490 369
490 502
490 542
490 495
491 499
491 39
491 535
491 494
491 524
491 335
491 46
491 150
491 496
491 295
492 537
492 501
492 510
492 14
492 486
492 531
492 530
492 520
492 541
492 514
493 499
493 533
493 535
493 515
493 504
493 539
493 508
493 497
493 494
493 500
494 489
494 537
494 195
494 504
494 517
494 508
494 524
494 493
494 515
494 499
495 529
495 542
495 510
495 369
495 195
495 502
495 483
495 490
495 528
495 534
496 499
496 39
496 535
496 494
496 524
496 335
496 46
496 491
496 150
496 295
497 279
497 539
497 225
497 238
497 535
497 493
497 483
497 21
497 543
497 510
498 388
498 493
498 21
498 489
498 491
498 168
498 186
498 425
498 447
498 496
499 489
499 487
499 537
499 260
499 195
499 508
499 515
499 524
499 494
499 41
500 459
500 536
500 494
500 109
500 493
500 539
500 525
500 524
500 110
500 238
501 486
501 50
501 52
501 535
501 14
501 16
501 17
501 362
501 168
501 47
502 529
502 195
502 262
502 534
502 490
502 495
502 483
502 256
502 528
502 369
503 189
503 238
503 530
503 522
503 531
503 526
503 505
503 523
503 521
503 514
504 203
504 463
504 533
504 536
504 532
504 517
504 260
504 238
504 494
504 493
505 499
505 518
505 526
505 521
505 519
505 484
505 503
505 485
505 537
505 487
506 444
506 17
506 501
506 491
506 516
506 496
506 531
506 301
506 535
506 483
507 475
507 530
507 336
507 520
507 301
507 240
507 482
507 298
507 529
507 337
508 540
508 290
508 535
508 294
508 532
508 533
508 515
508 493
508 499
508 494
509 487
509 520
509 534
509 260
509 511
509 512
509 527
509 522
509 518
509 513
510 492
510 483
510 207
510 486
510 301
510 538
510 516
510 488
510 497
510 238
511 513
511 542
511 523
511 527
511 509
511 538
511 512
511 488
511 520
511 525
512 513
512 542
512 523
512 527
512 509
512 538
512 488
512 520
512 525
512 511
513 520
513 168
513 485
513 286
513 518
513 337
513 484
513 522
513 527
513 509
514 520
514 492
514 521
514 536
514 525
514 486
514 531
514 503
514 530
514 526
515 519
515 493
515 497
515 517
515 524
515 238
515 499
515 535
515 494
515 543
516 496
516 491
516 447
516 446
516 532
516 301
516 276
516 510
516 342
516 21
517 499
517 435
517 505
517 541
517 46
517 195
517 494
517 533
517 515
517 504
518 485
518 503
518 531
518 525
518 537
518 484
518 522
518 513
518 509
518 505
519 510
519 487
519 485
519 536
519 530
519 505
519 525
519 488
519 538
519 537
520 526
520 528
520 492
520 523
520 525
520 486
520 514
520 485
520 531
520 527
521 522
521 527
521 514
521 503
521 526
521 505
521 539
521 238
521 523
521 530
522 536
522 514
522 534
522 260
522 337
522 238
522 509
522 518
522 513
522 503
523 511
523 521
523 514
523 512
523 526
523 539
523 503
523 485
523 520
523 527
524 496
524 203
524 385
524 525
524 420
524 459
524 515
524 489
524 499
524 494
525 520
525 519
525 524
525 514
525 536
525 301
525 531
525 526
525 474
525 459
526 521
526 474
526 530
526 503
526 238
526 260
526 525
526 536
526 514
526 531
527 487
527 537
527 512
527 511
527 238
527 485
527 509
527 523
527 513
527 520
528 525
528 520
528 530
528 369
528 531
528 495
528 21
528 502
528 483
528 256
529 260
529 501
529 542
529 502
529 301
529 495
529 22
529 507
529 528
529 482
530 21
530 503
530 492
530 537
530 486
530 538
530 488
530 531
530 541
530 514
531 494
531 526
531 525
531 536
531 514
531 486
531 530
531 492
531 528
531 520
532 185
532 504
532 508
532 536
532 518
532 526
532 531
532 516
532 301
532 533
533 493
533 463
533 260
533 441
533 532
533 494
533 517
533 306
533 238
533 504
534 282
534 46
534 509
534 483
534 528
534 260
534 490
534 495
534 522
534 502
535 515
535 491
535 496
535 506
535 493
535 287
535 501
535 17
535 337
535 497
536 260
536 522
536 531
536 525
536 514
536 238
536 504
536 301
536 526
536 519
537 238
537 494
537 527
537 530
537 505
537 538
537 487
537 485
537 488
537 519
538 384
538 168
538 510
538 519
538 487
538 541
538 540
538 537
538 530
538 488
539 527
539 493
539 497
539 521
539 500
539 238
539 523
539 483
539 494
539 41
540 518
540 486
540 515
540 499
540 537
540 538
540 494
540 524
540 488
540 238
541 531
541 84
541 510
541 492
541 530
541 538
541 483
541 115
541 486
541 488
542 511
542 512
542 534
542 337
542 342
542 260
542 495
542 490
542 282
542 456
543 473
543 527
543 526
543 515
543 510
543 498
543 539
543 497
543 459
543 290
